0.0
0.0
0.0
0.0
0.0010499954223632812
0.0009481906890869141
0.0010254383087158203
0.0
0.0010046958923339844
0.000997304916381836
0.001996755599975586
0.0020008087158203125
0.0020172595977783203
0.0029985904693603516
0.00399327278137207
0.0050199031829833984
0.0050144195556640625
0.007076740264892578
0.00789642333984375
0.009996175765991211
0.01100301742553711
0.01100015640258789
0.014525413513183594
0.01526188850402832
0.017902612686157227
0.019266605377197266
0.021009445190429688
0.02431941032409668
0.0260469913482666
0.027999162673950195
0.03201007843017578
0.036684274673461914
0.03802204132080078
0.04353046417236328
0.04701495170593262
0.05616259574890137
0.056101322174072266
0.060533761978149414
0.06521177291870117
0.06935453414916992
0.07777571678161621
0.08132457733154297
0.08498072624206543
0.0915837287902832
0.0964498519897461
0.10088062286376953
0.1074819564819336
0.1135706901550293
0.13426804542541504
0.1263737678527832
0.13946771621704102
0.1438465118408203
0.15555047988891602
0.16294240951538086
0.16599488258361816
0.18175888061523438
0.19064640998840332
0.20668458938598633
0.20267176628112793
0.2246692180633545
0.23085546493530273
0.24276351928710938
0.2791609764099121
0.26253199577331543
0.28134727478027344
0.30833983421325684
0.2934563159942627
0.3228745460510254
0.32348084449768066
0.3335530757904053
0.3415563106536865
0.3620338439941406
0.36507296562194824
0.3895559310913086
0.40671277046203613
0.4825778007507324
0.44217753410339355
0.45178794860839844
0.5158727169036865
0.6143965721130371
0.6473526954650879
0.6353359222412109
0.5786755084991455
0.5752325057983398
0.6117274761199951
0.6086978912353516
0.6454174518585205
0.6623814105987549
0.7373490333557129
0.7163741588592529
0.7382607460021973
0.775200366973877
0.7947108745574951
0.8165898323059082
0.8686952590942383
0.9044878482818604
0.8689987659454346
0.8910098075866699
0.9415075778961182
0.9894108772277832
