0.0
0.000980377197265625
0.0
0.0
0.0
0.0
0.0
0.0
0.0
0.0
0.0
0.0
0.0
0.0
0.0
0.0
0.0
0.0
0.0
0.0
0.0
0.0
0.0
0.0
0.0010030269622802734
0.0
0.0
0.0
0.0
0.0
0.0
0.0
0.0
0.0
0.0
0.0
0.0
0.0
0.0
0.0
0.0
0.0
0.0
0.0
0.0
0.0
0.0
0.0
0.0
0.0
0.0
0.0
0.0
0.0
0.0
0.0
0.0
0.0
0.0
0.0
0.0
0.0
0.0
0.0
0.0009050369262695312
0.0009582042694091797
0.0
0.0
0.0
0.0010006427764892578
0.00101470947265625
0.0010170936584472656
0.0019960403442382812
0.0009999275207519531
0.0009074211120605469
0.011003255844116211
0.0010023117065429688
0.0010068416595458984
0.0009503364562988281
0.0020017623901367188
0.006993293762207031
0.0009894371032714844
0.0009565353393554688
0.0009284019470214844
0.0
0.00099945068359375
0.0009129047393798828
0.0
0.0008654594421386719
0.0
0.0
0.0011365413665771484
0.0009069442749023438
0.0008814334869384766
0.0
0.0010006427764892578
0.0
0.004995584487915039
0.0
0.0010273456573486328
