1
0
2
1
3
2
4
3
5
5
6
9
7
10
8
12
9
13
10
17
11
14
12
20
13
18
14
22
15
25
16
24
17
27
18
36
19
56
20
36
21
54
22
76
23
45
24
50
25
51
26
60
27
49
28
62
29
79
30
62
31
57
32
89
33
63
34
83
35
81
36
68
37
78
38
124
39
111
40
112
41
108
42
103
43
108
44
117
45
121
46
133
47
112
48
125
49
136
50
142
51
148
52
144
53
156
54
168
55
175
56
166
57
220
58
209
59
172
60
143
61
207
62
176
63
245
64
184
65
202
66
200
67
231
68
205
69
231
70
208
71
201
72
310
73
292
74
348
75
260
76
305
77
217
78
287
79
230
80
310
81
325
82
283
83
287
84
247
85
286
86
267
87
263
88
354
89
277
90
303
91
308
92
360
93
326
94
271
95
305
96
384
97
375
98
296
99
336
100
392
101
303
102
343
103
396
104
384
105
350
106
425
107
324
108
441
109
345
110
379
111
414
112
398
113
458
114
436
115
476
116
318
117
467
118
343
119
561
120
404
121
473
122
374
123
482
124
510
125
432
126
691
127
402
128
507
129
419
130
484
131
450
132
451
133
629
134
471
135
477
136
483
137
656
138
656
139
538
140
437
141
541
142
532
143
512
144
568
145
581
146
623
147
626
148
578
149
438
150
492
151
606
152
646
153
529
154
507
155
697
156
590
157
708
158
535
159
571
160
662
161
576
162
656
163
599
164
699
165
564
166
593
167
673
168
540
169
852
170
676
171
794
172
712
173
613
174
765
175
684
176
598
177
745
178
721
179
649
180
718
181
742
182
600
183
595
184
751
185
690
186
702
187
823
188
764
189
749
190
932
191
842
192
779
193
749
194
753
195
706
196
696
197
866
198
663
199
751
200
864
201
768
202
919
203
849
204
846
205
840
206
865
207
862
208
753
209
804
210
887
211
927
212
830
213
950
214
927
215
807
216
987
217
883
218
968
219
722
220
806
221
783
222
1254
223
975
224
983
225
852
226
975
227
927
228
1001
229
983
230
803
231
1044
232
996
233
1026
234
984
235
1062
236
1075
237
900
238
1135
239
999
240
863
241
1104
242
1022
243
1185
244
968
245
1000
246
1128
247
1104
248
851
249
1035
250
1082
251
888
252
880
253
978
254
1041
255
1015
256
989
257
935
258
1033
259
955
260
870
261
1042
262
1066
263
1391
264
1218
265
1048
266
1076
267
911
268
1128
269
920
270
1062
271
1401
272
1216
273
979
274
1141
275
1313
276
981
277
1143
278
1288
279
1344
280
1206
281
1116
282
1300
283
1384
284
1258
285
1049
286
1392
287
1237
288
1123
289
1139
290
1154
291
1084
292
1359
293
1472
294
1234
295
1113
296
1304
297
1263
298
1138
299
1111
300
1458
301
1293
302
1270
303
1303
304
1403
305
1248
306
1397
307
1334
308
1476
309
881
310
1542
311
1016
312
1521
313
1273
314
1378
315
1157
316
1173
317
1150
318
1258
319
1366
320
1241
321
1354
322
1282
323
1798
324
1350
325
1317
326
1326
327
1681
328
1556
329
1344
330
1560
331
1359
332
1287
333
1317
334
1739
335
1465
336
1375
337
1420
338
1495
339
1448
340
1519
341
2042
342
1408
343
1414
344
1327
345
1458
346
1406
347
1402
348
1283
349
1531
350
1578
351
1304
352
1538
353
1611
354
1502
355
1442
356
1629
357
1214
358
1639
359
1407
360
1411
361
1575
362
1498
363
1408
364
1758
365
1860
366
1538
367
1910
368
1670
369
1813
370
1615
371
1555
372
1557
373
1821
374
2052
375
1734
376
1773
377
1751
378
1709
379
1617
380
1486
381
1778
382
1666
383
2015
384
1594
385
1775
386
1990
387
1703
388
2209
389
1683
390
1649
391
2156
392
1764
393
1633
394
1605
395
2222
396
1648
397
1796
398
1961
399
1776
400
1758
401
2219
402
1449
403
1981
404
1879
405
1546
406
1565
407
1850
408
1751
409
1821
410
1789
411
1904
412
2132
413
2029
414
1643
415
1517
416
1751
417
1845
418
1661
419
1709
420
2319
421
1695
422
1861
423
1907
424
1640
425
1675
426
1546
427
1591
428
2130
429
1992
430
1868
431
1804
432
2136
433
1594
434
1995
435
2011
436
2083
437
2119
438
1939
439
2091
440
2064
441
2239
442
2025
443
2021
444
1917
445
2057
446
1963
447
2412
448
1969
449
2047
450
1983
451
1955
452
2245
453
1904
454
2114
455
1853
456
2208
457
2526
458
1866
459
2279
460
2175
461
2034
462
2185
463
1951
464
2275
465
2137
466
2069
467
1987
468
2003
469
2301
470
2315
471
2389
472
2443
473
2808
474
2427
475
2157
476
2076
477
2219
478
2283
479
2558
480
2396
481
2248
482
2549
483
2388
484
1853
485
1928
486
2141
487
1960
488
1987
489
2208
490
1979
491
2191
492
2177
493
2261
494
1980
495
1874
496
2480
497
1993
498
2083
499
2506
500
2497
501
2580
502
2412
503
2686
504
2473
505
2212
506
2753
507
2614
508
2447
509
2497
510
2490
511
2141
512
2540
513
2457
514
2269
515
2200
516
2584
517
2161
518
2129
519
2154
520
2484
521
2060
522
2447
523
2815
524
1975
525
2070
526
2209
527
2113
528
2549
529
2006
530
2732
531
2371
532
2433
533
2724
534
2736
535
2480
536
2074
537
2197
538
2187
539
2559
540
2605
541
2527
542
2788
543
2202
544
2702
545
2746
546
2210
547
2313
548
2371
549
2556
550
2259
551
2490
552
2270
553
2058
554
3072
555
2772
556
2729
557
2497
558
2877
559
3023
560
2274
561
3056
562
2790
563
2607
564
2500
565
2600
566
3326
567
2581
568
2957
569
2974
570
2881
571
2415
572
2507
573
2410
574
2612
575
3077
576
2408
577
3096
578
2388
579
2792
580
2760
581
2707
582
3426
583
2763
584
3085
585
2603
586
2452
587
2836
588
2602
589
2423
590
2985
591
2359
592
2521
593
2557
594
3365
595
3144
596
2256
597
2877
598
2813
599
2262
600
3134
601
2172
602
2769
603
3204
604
2656
605
2562
606
2479
607
2639
608
2349
609
2473
610
2689
611
2422
612
3037
613
2768
614
3684
615
3279
616
2774
617
2570
618
2482
619
2940
620
2868
621
2257
622
3003
623
2982
624
2845
625
3333
626
2483
627
3123
628
3196
629
3234
630
3347
631
3088
632
3165
633
2515
634
4110
635
3121
636
3004
637
3145
638
3194
639
2891
640
2721
641
3695
642
3509
643
2893
644
3256
645
3159
646
3253
647
2921
648
3376
649
2934
650
2983
651
4117
652
2862
653
3133
654
3188
655
3384
656
3348
657
2736
658
2838
659
3136
660
2963
661
3473
662
2741
663
4160
664
2945
665
3082
666
2938
667
3350
668
3192
669
3030
670
2683
671
3209
672
4046
673
3075
674
3370
675
3209
676
3185
677
3084
678
2962
679
3404
680
3096
681
3103
682
3352
683
3164
684
2985
685
3385
686
3209
687
3669
688
3311
689
3119
690
2905
691
2711
692
2904
693
3499
694
4091
695
3242
696
3497
697
3451
698
3001
699
3008
700
3730
701
3518
702
3443
703
3033
704
3273
705
3215
706
3266
707
3779
708
2728
709
3102
710
3297
711
3766
712
3579
713
3053
714
3430
715
3232
716
3570
717
3299
718
3630
719
3233
720
2910
721
2864
722
3331
723
3481
724
3104
725
3925
726
3638
727
3559
728
3348
729
3629
730
3053
731
3448
732
3820
733
3177
734
3692
735
3130
736
3743
737
4294
738
3768
739
4189
740
3874
741
3558
742
4012
743
4224
744
3533
745
3631
746
2979
747
3655
748
3629
749
3425
750
3119
751
3560
752
4076
753
3192
754
3787
755
3670
756
4015
757
3671
758
3619
759
3899
760
3800
761
2895
762
3430
763
3394
764
3657
765
4215
766
4242
767
3295
768
3364
769
3809
770
3510
771
3601
772
2986
773
3854
774
4678
775
3386
776
3241
777
3569
778
3466
779
4139
780
3966
781
3948
782
3819
783
3215
784
3137
785
4145
786
3655
787
3709
788
4655
789
4223
790
3967
791
3622
792
3844
793
3316
794
4398
795
4168
796
3708
797
4161
798
3591
799
3883
800
3487
801
3710
802
3894
803
4296
804
3366
805
4084
806
3778
807
4440
808
3827
809
3634
810
3828
811
4111
812
5800
813
4131
814
3782
815
3556
816
3941
817
3579
818
4076
819
4246
820
4048
821
4137
822
3861
823
3637
824
3712
825
4398
826
4238
827
4319
828
4346
829
3411
830
3969
831
5452
832
3689
833
3799
834
4495
835
4039
836
5151
837
4470
838
4458
839
3502
840
3880
841
4128
842
4001
843
3523
844
4099
845
4579
846
4273
847
3251
848
3650
849
4058
850
4182
851
4693
852
3706
853
4011
854
4190
855
4204
856
4310
857
3336
858
4125
859
4348
860
3787
861
4355
862
4549
863
3297
864
4478
865
4327
866
3836
867
3586
868
4302
869
3770
870
3882
871
4413
872
3733
873
4390
874
5097
875
3943
876
4237
877
6501
878
3825
879
4176
880
4474
881
4561
882
4813
883
3992
884
3778
885
3940
886
3543
887
5960
888
4163
889
4369
890
4366
891
3536
892
4399
893
4357
894
3766
895
4770
896
4476
897
4191
898
4253
899
4328
900
4808
901
4560
902
4488
903
4319
904
4817
905
5296
906
3874
907
3922
908
4331
909
4187
910
5065
911
3872
912
4242
913
4268
914
4430
915
4705
916
3771
917
4679
918
4074
919
4357
920
4044
921
5306
922
3937
923
4525
924
4388
925
4058
926
4203
927
5388
928
5588
929
4464
930
4378
931
4914
932
4814
933
4431
934
4339
935
4402
936
4529
937
4539
938
3649
939
5840
940
5004
941
4684
942
5573
943
4157
944
4104
945
5010
946
4836
947
4735
948
4380
949
4345
950
4855
951
4645
952
4374
953
5219
954
4466
955
4432
956
4748
957
3951
958
4630
959
4598
960
4866
961
4391
962
4298
963
5525
964
5120
965
4796
966
4304
967
4677
968
5016
969
5623
970
3693
971
4037
972
4726
973
4752
974
4451
975
4292
976
3949
977
4764
978
4526
979
4649
980
4389
981
4900
982
4601
983
5542
984
4989
985
5235
986
3819
987
4239
988
6414
989
4762
990
4705
991
4885
992
5419
993
4342
994
4486
995
4970
996
4925
997
4670
998
4517
999
5023
