1
0
2
1
3
2
4
4
5
6
6
11
7
12
8
22
9
29
10
16
11
27
12
40
13
57
14
38
15
80
16
93
17
44
18
41
19
34
20
50
21
157
22
158
23
43
24
213
25
99
26
82
27
279
28
186
29
187
30
89
31
308
32
67
33
80
34
386
35
118
36
120
37
187
38
394
39
72
40
101
41
706
42
267
43
268
44
356
45
92
46
462
47
177
48
439
49
91
50
345
51
346
52
956
53
268
54
109
55
804
56
104
57
483
58
513
59
970
60
462
61
114
62
580
63
1020
64
255
65
374
66
159
67
1451
68
1897
69
1959
70
1901
71
211
72
1675
73
437
74
217
75
637
76
846
77
2423
78
2292
79
240
80
241
81
405
82
232
83
2301
84
2573
85
313
86
1023
87
1024
88
2721
89
245
90
1765
91
496
92
264
93
365
94
213
95
1260
96
2326
97
393
98
620
99
1957
100
294
101
467
102
3934
103
198
104
2825
105
244
106
1527
107
609
108
206
109
1197
110
1805
111
212
112
4584
113
3701
114
5068
115
3540
116
299
117
1654
118
3151
119
228
120
3004
121
1011
122
1314
123
6340
124
3640
125
2255
126
1894
127
1468
128
5601
129
6463
130
304
131
287
132
506
133
256
134
258
135
259
136
261
137
263
138
265
139
267
140
269
141
271
142
273
143
275
144
277
145
279
146
281
147
283
148
285
149
287
150
289
151
291
152
292
153
294
154
296
155
298
156
300
157
302
158
304
159
306
160
308
161
310
162
312
163
314
164
316
165
317
166
319
167
321
168
323
169
325
170
327
171
329
172
331
173
333
174
334
175
336
176
338
177
340
178
342
179
344
180
346
181
348
182
350
183
352
184
354
185
355
186
357
187
359
188
361
189
362
190
364
191
366
192
368
193
370
194
372
195
374
196
376
197
377
198
379
199
381
200
383
201
385
202
387
203
389
204
390
205
392
206
394
207
396
208
398
209
400
210
402
211
404
212
406
213
407
214
409
215
411
216
412
217
414
218
416
219
419
220
421
221
423
222
424
223
426
224
428
225
430
226
432
227
434
228
436
229
438
230
440
231
442
232
444
233
446
234
448
235
450
236
452
237
454
238
456
239
458
240
460
241
462
242
464
243
466
244
468
245
470
246
472
247
474
248
476
249
478
250
480
251
482
252
484
253
486
254
488
255
490
256
492
257
495
258
497
259
499
260
501
261
503
262
505
263
507
264
509
265
511
266
513
267
515
268
517
269
519
270
521
271
523
272
525
273
527
274
529
275
531
276
533
277
535
278
537
279
539
280
540
281
542
282
544
283
546
284
548
285
550
286
552
287
554
288
556
289
557
290
559
291
561
292
563
293
565
294
567
295
568
296
570
297
572
298
574
299
576
300
578
301
580
302
582
303
584
304
586
305
588
306
590
307
592
308
594
309
596
310
598
311
600
312
602
313
604
314
606
315
608
316
610
317
612
318
614
319
616
320
617
321
619
322
621
323
623
324
625
325
627
326
629
327
631
328
633
329
635
330
637
331
639
332
641
333
643
334
645
335
647
336
649
337
651
338
653
339
908
340
910
341
914
342
915
343
917
344
921
345
925
346
929
347
933
348
935
349
936
350
940
351
944
352
947
353
948
354
952
355
956
356
959
357
960
358
962
359
966
360
968
361
972
362
973
363
974
364
976
365
978
366
982
367
983
368
987
369
988
370
992
371
994
372
996
373
998
374
1002
375
1003
376
1005
377
1006
378
1008
379
1010
380
1011
381
1012
382
1014
383
1018
384
1022
385
1024
386
1026
387
1030
388
1032
389
1035
390
1036
391
1038
392
1044
393
1045
394
1049
395
1050
396
1054
397
1058
398
1060
399
1062
400
1064
401
1068
402
1071
403
1072
404
1076
405
1077
406
1082
407
1084
408
1085
409
1087
410
1091
411
1093
412
1095
413
1099
414
1100
415
1101
416
1103
417
1107
418
1111
419
1115
420
1116
421
1119
422
1123
423
1125
424
1129
425
1130
426
1131
427
1135
428
1150
429
1152
430
1153
431
1154
432
1156
433
1157
434
1158
435
1160
436
1161
437
1163
438
1165
439
1167
440
1168
441
1169
442
1171
443
1172
444
1176
445
1178
446
1179
447
1182
448
1184
449
1188
450
1189
451
1192
452
1196
453
1198
454
1200
455
1204
456
1206
457
1208
458
1212
459
1216
460
1220
461
1221
462
1223
463
1227
464
1228
465
1229
466
1233
467
1235
468
1237
469
1243
470
1246
471
1251
472
1255
473
1259
474
1261
475
1265
476
1266
477
1268
478
1272
479
1276
480
1280
481
1284
482
1288
483
1289
484
1291
485
1292
486
1294
487
1296
488
1300
489
1301
490
1305
491
1307
492
1309
493
1311
494
1313
495
1315
496
1317
497
1321
498
1325
499
1329
500
1331
501
1333
502
1334
503
1336
504
1338
505
1342
506
1346
507
1350
508
1354
509
1358
510
1360
511
1364
512
1366
513
1368
514
1371
515
1375
516
1376
517
1378
518
1379
519
1380
520
1381
521
1384
522
1381
523
1383
524
1385
525
1387
526
1391
527
1395
528
1399
529
1401
530
1403
531
1405
532
1406
533
1410
534
1411
535
1413
536
1433
537
1435
538
1439
539
1440
540
1444
541
1446
542
1448
543
1452
544
1454
545
1456
546
1457
547
1459
548
1460
549
1462
550
1464
551
1466
552
1468
553
1472
554
1476
555
1478
556
1480
557
1486
558
1488
559
1489
560
1491
561
1495
562
1497
563
1501
564
1505
565
1506
566
1512
567
1513
568
1517
569
1521
570
1523
571
1525
572
1527
573
1528
574
1532
575
1533
576
1538
577
1540
578
1544
579
1546
580
1550
581
1553
582
1557
583
1549
584
1554
585
1558
586
1559
587
1561
588
1563
589
1565
590
1567
591
1569
592
1571
593
1575
594
1576
595
1578
596
1582
597
1586
598
1590
599
1594
600
1598
601
1600
602
1602
603
1603
604
1607
605
1609
606
1611
607
1613
608
1617
609
1619
610
1623
611
1625
612
1627
613
1628
614
1632
615
1634
616
1638
617
1640
618
1641
619
1643
620
1646
621
1650
622
1652
623
1654
624
1665
625
1669
626
1671
627
1673
628
1675
629
1677
630
1678
631
1680
632
1682
633
1683
634
1687
635
1688
636
1692
637
1696
638
1699
639
1703
640
1707
641
1708
642
1709
643
1713
644
1714
645
1716
646
1717
647
1719
648
1723
649
1724
650
1727
651
1731
652
1734
653
1738
654
1742
655
1744
656
1748
657
1750
658
1751
659
1754
660
1758
661
1760
662
1762
663
1763
664
1765
665
1767
666
1768
667
1774
668
1778
669
1782
670
1788
671
1792
672
1793
673
1794
674
1796
675
1797
676
1801
677
1802
678
1804
679
1808
680
1809
681
1811
682
1812
683
1814
684
1818
685
1820
686
1822
687
1824
688
1828
689
1830
690
1834
691
1836
692
918
693
923
694
928
695
929
696
930
697
932
698
933
699
934
700
935
701
936
702
937
703
938
704
943
705
944
706
945
707
946
708
948
709
949
710
950
711
951
712
952
713
953
714
954
715
955
716
961
717
966
718
967
719
968
720
969
721
970
722
971
723
976
724
981
725
982
726
983
727
984
728
985
729
986
730
987
731
988
732
989
733
990
734
991
735
992
736
993
737
994
738
995
739
996
740
997
741
998
742
999
743
1000
744
1001
745
1002
746
1006
747
1007
748
1008
749
1009
750
1010
751
1011
752
1012
753
1013
754
1014
755
1015
756
1016
757
1017
758
1023
759
1024
760
1025
761
1026
762
1027
763
1030
764
1031
765
1032
766
1033
767
1034
768
1035
769
1036
770
1037
771
1042
772
1043
773
1044
774
1045
775
1046
776
1050
777
1051
778
1052
779
1053
780
1054
781
1056
782
1057
783
1058
784
1059
785
1060
786
1061
787
1062
788
1063
789
1064
790
1068
791
1069
792
1074
793
1075
794
1076
795
1077
796
1078
797
1079
798
1080
799
1081
800
1082
801
1083
802
1084
803
1085
804
1086
805
1087
806
1088
807
1089
808
1090
809
1091
810
1092
811
1093
812
1098
813
1099
814
1100
815
1101
816
1106
817
1107
818
1112
819
1113
820
1115
821
1116
822
1117
823
1118
824
1120
825
1121
826
1124
827
1125
828
1126
829
1127
830
1128
831
1131
832
1134
833
1135
834
1136
835
1137
836
1138
837
1144
838
1145
839
1146
840
1150
841
1151
842
1152
843
1155
844
1156
845
1157
846
1158
847
1159
848
1160
849
1161
850
1162
851
1166
852
1167
853
1168
854
1169
855
1170
856
1171
857
1172
858
1173
859
1174
860
1175
861
1176
862
1179
863
1180
864
1184
865
1185
866
1189
867
1190
868
1191
869
1192
870
1197
871
1198
872
1200
873
1201
874
1202
875
1203
876
1207
877
1208
878
1209
879
1211
880
1217
881
1218
882
1222
883
1223
884
1224
885
1225
886
1226
887
1227
888
1228
889
1229
890
1230
891
1231
892
1232
893
1233
894
1236
895
1239
896
1240
897
1244
898
1248
899
1252
900
1253
901
1254
902
1255
903
1256
904
1260
905
1261
906
1262
907
1684
908
1685
909
1688
910
1689
911
1691
912
1692
913
1693
914
1695
915
1696
916
1697
917
1698
918
1700
919
1701
920
1705
921
1706
922
1707
923
1709
924
1710
925
1711
926
1712
927
1714
928
1716
929
1718
930
1719
931
1720
932
1723
933
1726
934
1729
935
1732
936
1734
937
1736
938
1739
939
1742
940
1743
941
1744
942
1745
943
1749
944
1751
945
1752
946
1754
947
1756
948
1757
949
1759
950
1760
951
1762
952
1765
953
1766
954
1770
955
1772
956
1775
957
1777
958
1780
959
1781
960
1783
961
1785
962
1786
963
1787
964
1790
965
1791
966
1792
967
1795
968
1796
969
1797
970
1798
971
1800
972
1801
973
1803
974
1804
975
1807
976
1809
977
1812
978
1813
979
1814
980
1817
981
1818
982
1819
983
1820
984
1822
985
1828
986
1829
987
1830
988
1833
989
1835
990
1837
991
1838
992
1840
993
1841
994
1842
995
1843
996
1844
997
1846
998
1848
999
1851
