1
0
2
1
3
1
4
3
5
5
6
10
7
16
8
18
9
22
10
22
11
26
12
29
13
33
14
41
15
50
16
53
17
55
18
64
19
78
20
91
21
110
22
114
23
122
24
136
25
146
26
160
27
162
28
181
29
199
30
215
31
215
32
241
33
258
34
262
35
288
36
321
37
322
38
349
39
362
40
393
41
425
42
459
43
498
44
499
45
515
46
542
47
554
48
580
49
587
50
594
51
608
52
616
53
633
54
667
55
711
56
753
57
763
58
811
59
832
60
880
61
900
62
923
63
957
64
1013
65
1042
66
1057
67
1115
68
1147
69
1209
70
1223
71
1235
72
1285
73
1288
74
1300
75
1356
76
1390
77
1456
78
1456
79
1461
80
1534
81
1545
82
1573
83
1583
84
1616
85
1692
86
1763
87
1776
88
1786
89
1839
90
1883
91
1959
92
2042
93
2124
94
2166
95
2239
96
2270
97
2337
98
2395
99
2472
100
2533
101
2623
102
2720
103
2753
104
2845
105
2863
106
2865
107
2901
108
2904
109
2908
110
2949
111
3054
112
3072
113
3144
114
3156
115
3215
116
3282
117
3385
118
3448
119
3529
120
3585
121
3594
122
3657
123
3711
124
3822
125
3934
126
3962
127
3989
128
4061
129
4166
130
4290
131
4323
132
4413
133
4538
134
4608
135
4679
136
4703
137
4776
138
4897
139
4923
140
5004
141
5040
142
5065
143
5170
144
5299
145
5336
146
5371
147
5446
148
5466
149
5583
150
5620
151
5703
152
5832
153
5944
154
5946
155
6062
156
6159
157
6194
158
6339
159
6382
160
6392
161
6537
162
6610
163
6727
164
6872
165
6877
166
6928
167
6948
168
7044
169
7075
170
7125
171
7164
172
7241
173
7319
174
7476
175
7542
176
7665
177
7694
178
7851
179
7991
180
8157
181
8185
182
8256
183
8399
184
8553
185
8626
186
8723
187
8813
188
8919
189
9011
190
9150
191
9269
192
9350
193
9386
194
9454
195
9521
196
9569
197
9697
198
9782
199
9944
200
10108
201
10249
202
10260
203
10320
204
10351
205
10546
206
10677
207
10846
208
10873
209
10983
210
11109
211
11128
212
11267
213
11268
214
11454
215
11563
216
11647
217
11735
218
11737
219
11950
220
12145
221
12309
222
12443
223
12517
224
12720
225
12936
226
13086
227
13123
228
13262
229
13290
230
13510
231
13614
232
13795
233
13800
234
13974
235
14190
236
14417
237
14507
238
14685
239
14714
240
14931
241
15024
242
15065
243
15205
244
15301
245
15310
246
15349
247
15538
248
15645
249
15685
250
15873
251
15956
252
16172
253
16274
254
16436
255
16634
256
16728
257
16814
258
17052
259
17058
260
17176
261
17408
262
17534
263
17602
264
17841
265
17907
266
17958
267
18194
268
18355
269
18609
270
18616
271
18759
272
18854
273
18905
274
18954
275
19158
276
19223
277
19311
278
19459
279
19638
280
19766
281
19857
282
20132
283
20223
284
20431
285
20614
286
20652
287
20691
288
20696
289
20723
290
20770
291
20906
292
21193
293
21372
294
21580
295
21845
296
22096
297
22355
298
22605
299
22751
300
23007
301
23264
302
23288
303
23368
304
23397
305
23479
306
23479
307
23571
308
23736
309
23901
310
24181
311
24188
312
24455
313
24731
314
24839
315
25024
316
25196
317
25341
318
25573
319
25749
320
25911
321
26185
322
26208
323
26371
324
26533
325
26774
326
26918
327
27036
328
27248
329
27348
330
27628
331
27800
332
27863
333
28165
334
28416
335
27729
336
27887
337
28073
338
28250
339
28519
340
28701
341
28872
342
29122
343
29415
344
29620
345
29758
346
30077
347
30281
348
30499
349
30712
350
30747
351
30860
352
31173
353
31445
354
31704
355
31801
356
31902
357
32113
358
32408
359
32588
360
32868
361
33224
362
33497
363
33593
364
33746
365
33785
366
33821
367
34138
368
34375
369
34591
370
34829
371
34891
372
34927
373
35068
374
35070
375
35329
376
35614
377
35967
378
36073
379
36222
380
36426
381
36563
382
36827
383
36984
384
37028
385
37193
386
37446
387
37603
388
37614
389
37804
390
38157
391
38466
392
38655
393
38904
394
38927
395
39281
396
39581
397
39632
398
39922
399
40082
400
40373
401
40524
402
40744
403
41075
404
41370
405
41594
406
41792
407
41987
408
42180
409
42494
410
42844
411
43249
412
43293
413
43514
414
43674
415
43764
416
44163
417
44190
418
44440
419
44843
420
45061
421
45265
422
45576
423
45990
424
46043
425
46376
426
46747
427
47125
428
47514
429
47757
430
47865
431
48125
432
48536
433
48884
434
49064
435
49353
436
49500
437
49902
438
49963
439
50322
440
50607
441
51039
442
51394
443
51735
444
51957
445
52045
446
52478
447
52676
448
52775
449
53027
450
53207
451
53541
452
53576
453
53640
454
53962
455
54053
456
54471
457
54725
458
54757
459
55124
460
55194
461
55332
462
55520
463
55563
464
55612
465
56001
466
56356
467
56568
468
56916
469
57343
470
57469
471
57658
472
58081
473
58119
474
58205
475
58389
476
58513
477
58584
478
58987
479
59217
480
59560
481
59678
482
59788
483
60170
484
60360
485
60825
486
61302
487
61442
488
61699
489
61726
490
61773
491
62100
492
62265
493
62518
494
62900
495
63123
496
63288
497
63553
498
64011
499
64056
500
64269
501
64366
502
64613
503
64765
504
64890
505
65218
506
65567
507
65829
508
66246
509
66523
510
67030
511
67305
512
67708
513
67821
514
67988
515
68088
516
68185
517
68345
518
68592
519
68951
520
69134
521
69433
522
69626
523
69988
524
70033
525
70101
526
70177
527
70406
528
70752
529
70787
530
71067
531
71115
532
71238
533
71245
534
71460
535
71721
536
72081
537
72131
538
72664
539
72923
540
73260
541
73794
542
73807
543
74035
544
74156
545
74342
546
74671
547
74889
548
75247
549
75291
550
75345
551
75356
552
75715
553
75978
554
76375
555
76791
556
77128
557
77615
558
78068
559
78265
560
78369
561
78534
562
78930
563
79440
564
79982
565
80072
566
80182
567
80288
568
80603
569
80888
570
81450
571
81584
572
81963
573
82281
574
82297
575
82528
576
82877
577
83363
578
83916
579
84444
580
84563
581
84990
582
85090
583
85476
584
85835
585
85878
586
86145
587
86466
588
86998
589
87293
590
87838
591
87890
592
88389
593
88767
594
88767
595
89249
596
89747
597
89864
598
89871
599
90098
600
90530
601
90533
602
90926
603
91175
604
91511
605
91928
606
92438
607
92541
608
92854
609
93340
610
93397
611
93862
612
94182
613
94359
614
94637
615
94737
616
94976
617
95539
618
95987
619
96152
620
96417
621
96825
622
97069
623
97215
624
97409
625
97656
626
97693
627
97782
628
98170
629
98219
630
98557
631
98784
632
98837
633
98961
634
99471
635
99889
636
100480
637
100871
638
101435
639
101734
640
102002
641
102632
642
102770
643
103396
644
103565
645
104008
646
104098
647
104542
648
104931
649
105520
650
105521
651
105547
652
105913
653
106172
654
106369
655
106965
656
107502
657
107753
658
107785
659
108074
660
108396
661
108800
662
109346
663
109724
664
110292
665
110687
666
110835
667
111350
668
111493
669
111566
670
111713
671
112153
672
112216
673
112542
674
112968
675
113240
676
113355
677
113902
678
113964
679
114520
680
114985
681
115049
682
115646
683
115817
684
116163
685
116276
686
116395
687
116611
688
117002
689
117159
690
117689
691
117727
692
118347
693
118748
694
119197
695
119697
696
119826
697
120468
698
120814
699
121123
700
121150
701
121670
702
121741
703
121851
704
122006
705
122535
706
122927
707
123233
708
122691
709
123182
710
123860
711
124501
712
124842
713
125211
714
125711
715
125927
716
126537
717
126734
718
127144
719
127511
720
127520
721
127918
722
128191
723
128528
724
128882
725
129047
726
129606
727
130066
728
130477
729
130601
730
130776
731
131241
732
131896
733
132361
734
133051
735
133545
736
134026
737
134044
738
134426
739
135061
740
135608
741
135953
742
136512
743
136676
744
137415
745
137742
746
138112
747
138741
748
139274
749
139334
750
139595
751
140152
752
140616
753
141166
754
141322
755
141414
756
142129
757
142864
758
143428
759
143801
760
143908
761
144638
762
144742
763
144758
764
145211
765
145265
766
145796
767
145998
768
146081
769
146261
770
146344
771
146990
772
147521
773
148184
774
148220
775
148745
776
148987
777
149414
778
149816
779
149821
780
150303
781
150987
782
151575
783
151779
784
152248
785
152992
786
153270
787
153689
788
154415
789
154496
790
154525
791
154570
792
154615
793
154755
794
154830
795
155340
796
155548
797
156180
798
156899
799
157177
800
157975
801
158772
802
158916
803
159467
804
160149
805
160342
806
160642
807
160765
808
161393
809
162120
810
162252
811
162574
812
163196
813
163929
814
164441
815
164732
816
165421
817
166229
818
166967
819
167587
820
167661
821
174136
822
174856
823
174860
824
174989
825
175695
826
176351
827
176921
828
177550
829
178248
830
179025
831
179480
832
180224
833
180710
834
180876
835
181041
836
181564
837
182067
838
182487
839
182926
840
183436
841
183915
842
184103
843
184654
844
185146
845
185173
846
185841
847
186152
848
186339
849
187002
850
187281
851
187489
852
188248
853
188435
854
188650
855
188703
856
188776
857
188830
858
189466
859
190191
860
190956
861
191546
862
191888
863
192584
864
192841
865
193340
866
193343
867
194162
868
194368
869
194806
870
195222
871
195956
872
196042
873
196640
874
197091
875
197691
876
198313
877
198596
878
198667
879
199491
880
199589
881
199940
882
200103
883
200121
884
200652
885
201018
886
201088
887
201705
888
202120
889
202844
890
203336
891
203662
892
204124
893
204982
894
205158
895
205886
896
206383
897
206561
898
207243
899
207941
900
208552
901
208783
902
209339
903
210040
904
210888
905
211043
906
211475
907
212068
908
212500
909
212997
910
213533
911
214051
912
207567
913
208421
914
208816
915
209035
916
209623
917
210223
918
210966
919
211437
920
211727
921
211859
922
212620
923
213024
924
213528
925
213702
926
214539
927
214750
928
215150
929
215793
930
215802
931
216501
932
217259
933
217511
934
218333
935
218818
936
219626
937
220478
938
221013
939
221620
940
222259
941
222952
942
223038
943
223224
944
223874
945
224361
946
224763
947
225055
948
225192
949
225402
950
226149
951
226576
952
226919
953
227522
954
228327
955
229154
956
229900
957
230612
958
230688
959
230883
960
231309
961
231390
962
232288
963
232530
964
232876
965
233662
966
234367
967
234573
968
235272
969
235558
970
236362
971
236755
972
236776
973
237671
974
238238
975
238925
976
239345
977
240295
978
241270
979
241817
980
242006
981
242771
982
243718
983
244243
984
244642
985
245446
986
245838
987
246015
988
246579
989
247050
990
247419
991
248396
992
244865
993
244953
994
245017
995
245116
996
245783
997
245951
998
246746
999
247242
