1
0
2
0
3
0
4
0
5
0
6
0
7
0
8
0
9
0
10
0
11
0
12
0
13
0
14
0
15
0
16
0
17
0
18
0
19
0
20
1
21
1
22
1
23
1
24
1
25
1
26
1
27
1
28
1
29
1
30
1
31
1
32
1
33
1
34
1
35
1
36
1
37
1
38
1
39
1
40
2
41
2
42
2
43
2
44
2
45
2
46
2
47
2
48
2
49
2
50
2
51
2
52
2
53
2
54
2
55
2
56
2
57
2
58
2
59
2
60
3
61
3
62
3
63
3
64
3
65
3
66
3
67
3
68
3
69
3
70
3
71
3
72
3
73
3
74
3
75
3
76
3
77
3
78
3
79
3
80
4
81
4
82
4
83
4
84
4
85
4
86
4
87
4
88
4
89
4
90
4
91
4
92
4
93
4
94
4
95
4
96
4
97
4
98
4
99
4
100
5
101
5
102
5
103
5
104
5
105
5
106
5
107
5
108
5
109
5
110
5
111
5
112
5
113
5
114
5
115
5
116
5
117
5
118
5
119
5
120
6
121
6
122
6
123
6
124
6
125
6
126
6
127
6
128
6
129
6
130
6
131
6
132
6
133
6
134
6
135
6
136
6
137
6
138
6
139
6
140
7
141
7
142
7
143
7
144
7
145
7
146
7
147
7
148
7
149
7
150
7
151
7
152
7
153
7
154
7
155
7
156
7
157
7
158
7
159
7
160
8
161
8
162
8
163
8
164
8
165
8
166
8
167
8
168
8
169
8
170
8
171
8
172
8
173
8
174
8
175
8
176
8
177
8
178
8
179
8
180
9
181
9
182
9
183
9
184
9
185
9
186
9
187
9
188
9
189
9
190
9
191
9
192
9
193
9
194
9
195
9
196
9
197
9
198
9
199
9
200
10
201
10
202
10
203
10
204
10
205
10
206
10
207
10
208
10
209
10
210
10
211
10
212
10
213
10
214
10
215
10
216
10
217
10
218
10
219
10
220
11
221
11
222
11
223
11
224
11
225
11
226
11
227
11
228
11
229
11
230
11
231
11
232
11
233
11
234
11
235
11
236
11
237
11
238
11
239
11
240
12
241
12
242
12
243
12
244
12
245
12
246
12
247
12
248
12
249
12
250
12
251
12
252
12
253
12
254
12
255
12
256
12
257
12
258
12
259
12
260
13
261
13
262
13
263
13
264
13
265
13
266
13
267
13
268
13
269
13
270
13
271
13
272
13
273
13
274
13
275
13
276
13
277
13
278
13
279
13
280
14
281
14
282
14
283
14
284
14
285
14
286
14
287
14
288
14
289
14
290
14
291
14
292
14
293
14
294
14
295
14
296
14
297
14
298
14
299
14
300
15
301
15
302
15
303
15
304
15
305
15
306
15
307
15
308
15
309
15
310
15
311
15
312
15
313
15
314
15
315
15
316
15
317
15
318
15
319
15
320
16
321
16
322
16
323
16
324
16
325
16
326
16
327
16
328
16
329
16
330
16
331
16
332
16
333
16
334
16
335
16
336
16
337
16
338
16
339
16
340
17
341
17
342
17
343
17
344
17
345
17
346
17
347
17
348
17
349
17
350
17
351
17
352
17
353
17
354
17
355
17
356
17
357
17
358
17
359
17
360
18
361
18
362
18
363
18
364
18
365
18
366
18
367
18
368
18
369
18
370
18
371
18
372
18
373
18
374
18
375
18
376
18
377
18
378
18
379
18
380
19
381
19
382
19
383
19
384
19
385
19
386
19
387
19
388
19
389
19
390
19
391
19
392
19
393
19
394
19
395
19
396
19
397
19
398
19
399
19
400
20
401
20
402
20
403
20
404
20
405
20
406
20
407
20
408
20
409
20
410
20
411
20
412
20
413
20
414
20
415
20
416
20
417
20
418
20
419
20
420
21
421
21
422
21
423
21
424
21
425
21
426
21
427
21
428
21
429
21
430
21
431
21
432
21
433
21
434
21
435
21
436
21
437
21
438
21
439
21
440
22
441
22
442
22
443
22
444
22
445
22
446
22
447
22
448
22
449
22
450
22
451
22
452
22
453
22
454
22
455
22
456
22
457
22
458
22
459
22
460
23
461
23
462
23
463
23
464
23
465
23
466
23
467
23
468
23
469
23
470
23
471
23
472
23
473
23
474
23
475
23
476
23
477
23
478
23
479
23
480
24
481
24
482
24
483
24
484
24
485
24
486
24
487
24
488
24
489
24
490
24
491
24
492
24
493
24
494
24
495
24
496
24
497
24
498
24
499
24
500
25
501
25
502
25
503
25
504
25
505
25
506
25
507
25
508
25
509
25
510
25
511
25
512
25
513
25
514
25
515
25
516
25
517
25
518
25
519
25
520
26
521
26
522
26
523
26
524
26
525
26
526
26
527
26
528
26
529
26
530
26
531
26
532
26
533
26
534
26
535
26
536
26
537
26
538
26
539
26
540
27
541
27
542
27
543
27
544
27
545
27
546
27
547
27
548
27
549
27
550
27
551
27
552
27
553
27
554
27
555
27
556
27
557
27
558
27
559
27
560
28
561
28
562
28
563
28
564
28
565
28
566
28
567
28
568
28
569
28
570
28
571
28
572
28
573
28
574
28
575
28
576
28
577
28
578
28
579
28
580
29
581
29
582
29
583
29
584
29
585
29
586
29
587
29
588
29
589
29
590
29
591
29
592
29
593
29
594
29
595
29
596
29
597
29
598
29
599
29
600
30
601
30
602
30
603
30
604
30
605
30
606
30
607
30
608
30
609
30
610
30
611
30
612
30
613
30
614
30
615
30
616
30
617
30
618
30
619
30
620
31
621
31
622
31
623
31
624
31
625
31
626
31
627
31
628
31
629
31
630
31
631
31
632
31
633
31
634
31
635
31
636
31
637
31
638
31
639
31
640
32
641
32
642
32
643
32
644
32
645
32
646
32
647
32
648
32
649
32
650
32
651
32
652
32
653
32
654
32
655
32
656
32
657
32
658
32
659
32
660
33
661
33
662
33
663
33
664
33
665
33
666
33
667
33
668
33
669
33
670
33
671
33
672
33
673
33
674
33
675
33
676
33
677
33
678
33
679
33
680
34
681
34
682
34
683
34
684
34
685
34
686
34
687
34
688
34
689
34
690
34
691
34
692
34
693
34
694
34
695
34
696
34
697
34
698
34
699
34
700
35
701
35
702
35
703
35
704
35
705
35
706
35
707
35
708
35
709
35
710
35
711
35
712
35
713
35
714
35
715
35
716
35
717
35
718
35
719
35
720
36
721
36
722
36
723
36
724
36
725
36
726
36
727
36
728
36
729
36
730
36
731
36
732
36
733
36
734
36
735
36
736
36
737
36
738
36
739
36
740
37
741
37
742
37
743
37
744
37
745
37
746
37
747
37
748
37
749
37
750
37
751
37
752
37
753
37
754
37
755
37
756
37
757
37
758
37
759
37
760
38
761
38
762
38
763
38
764
38
765
38
766
38
767
38
768
38
769
38
770
38
771
38
772
38
773
38
774
38
775
38
776
38
777
38
778
38
779
38
780
39
781
39
782
39
783
39
784
39
785
39
786
39
787
39
788
39
789
39
790
39
791
39
792
39
793
39
794
39
795
39
796
39
797
39
798
39
799
39
800
40
801
40
802
40
803
40
804
40
805
40
806
40
807
40
808
40
809
40
810
40
811
40
812
40
813
40
814
40
815
40
816
40
817
40
818
40
819
40
820
41
821
41
822
41
823
41
824
41
825
41
826
41
827
41
828
41
829
41
830
41
831
41
832
41
833
41
834
41
835
41
836
41
837
41
838
41
839
41
840
42
841
42
842
42
843
42
844
42
845
42
846
42
847
42
848
42
849
42
850
42
851
42
852
42
853
42
854
42
855
42
856
42
857
42
858
42
859
42
860
43
861
43
862
43
863
43
864
43
865
43
866
43
867
43
868
43
869
43
870
43
871
43
872
43
873
43
874
43
875
43
876
43
877
43
878
43
879
43
880
44
881
44
882
44
883
44
884
44
885
44
886
44
887
44
888
44
889
44
890
44
891
44
892
44
893
44
894
44
895
44
896
44
897
44
898
44
899
44
900
45
901
45
902
45
903
45
904
45
905
45
906
45
907
45
908
45
909
45
910
45
911
45
912
45
913
45
914
45
915
45
916
45
917
45
918
45
919
45
920
46
921
46
922
46
923
46
924
46
925
46
926
46
927
46
928
46
929
46
930
46
931
46
932
46
933
46
934
46
935
46
936
46
937
46
938
46
939
46
940
47
941
47
942
47
943
47
944
47
945
47
946
47
947
47
948
47
949
47
950
47
951
47
952
47
953
47
954
47
955
47
956
47
957
47
958
47
959
47
960
48
961
48
962
48
963
48
964
48
965
48
966
48
967
48
968
48
969
48
970
48
971
48
972
48
973
48
974
48
975
48
976
48
977
48
978
48
979
48
980
49
981
49
982
49
983
49
984
49
985
49
986
49
987
49
988
49
989
49
990
49
991
49
992
49
993
49
994
49
995
49
996
49
997
49
998
49
999
49
