1
3
2
5
3
3
4
8
5
3
6
5
7
6
8
4
9
7
10
6
11
7
12
7
13
6
14
7
15
8
16
6
17
8
18
7
19
9
20
7
21
7
22
9
23
8
24
10
25
9
26
11
27
9
28
9
29
10
30
12
31
11
32
12
33
12
34
13
35
12
36
12
37
13
38
12
39
13
40
14
41
13
42
74
43
14
44
15
45
15
46
18
47
16
48
17
49
16
50
16
51
18
52
19
53
19
54
20
55
17
56
21
57
20
58
18
59
23
60
22
61
25
62
25
63
21
64
20
65
24
66
22
67
23
68
30
69
24
70
29
71
49
72
24
73
23
74
24
75
25
76
27
77
26
78
29
79
97
80
28
81
27
82
28
83
30
84
27
85
30
86
29
87
28
88
30
89
316
90
31
91
33
92
32
93
34
94
31
95
31
96
33
97
35
98
75
99
32
100
32
101
32
102
33
103
37
104
36
105
36
106
35
107
38
108
38
109
37
110
36
111
38
112
44
113
49
114
39
115
43
116
82
117
37
118
41
119
42
120
41
121
45
122
45
123
45
124
42
125
39
126
42
127
46
128
41
129
767
130
55
131
50
132
50
133
44
134
52
135
47
136
49
137
185
138
50
139
50
140
77
141
46
142
44
143
51
144
55
145
49
146
48
147
55
148
58
149
55
150
51
151
52
152
56
153
55
154
58
155
85
156
63
157
58
158
203
159
55
160
67
161
58
162
76
163
57
164
57
165
57
166
71
167
60
168
58
169
62
170
65
171
60
172
57
173
304
174
540
175
61
176
64
177
69
178
62
179
64
180
67
181
64
182
88
183
63
184
72
185
66
186
67
187
73
188
67
189
72
190
77
191
69
192
70
193
71
194
69
195
196
196
74
197
83
198
72
199
74
200
78
201
78
202
74
203
88
204
68
205
79
206
89
207
80
208
76
209
77
210
602
211
281
212
275
213
77
214
76
215
98
216
85
217
115
218
76
219
82
220
130
221
82
222
82
223
83
224
86
225
92
226
148
227
136
228
81
229
98
230
79
231
85
232
86
233
89
234
83
235
80
236
81
237
87
238
86
239
93
240
92
241
93
242
97
243
95
244
101
245
88
246
93
247
91
248
91
249
89
250
95
251
107
252
98
253
105
254
92
255
123
256
263
257
297
258
92
259
103
260
98
261
219
262
102
263
94
264
97
265
535
266
93
267
543
268
108
269
267
270
99
271
109
272
113
273
99
274
97
275
99
276
100
277
154
278
106
279
111
280
101
281
106
282
106
283
111
284
109
285
109
286
103
287
110
288
110
289
177
290
105
291
111
292
114
293
107
294
119
295
141
296
354
297
164
298
114
299
131
300
115
301
123
302
334
303
190
304
112
305
124
306
117
307
112
308
188
309
199
310
121
311
123
312
148
313
114
314
124
315
126
316
159
317
122
318
117
319
126
320
332
321
122
322
150
323
127
324
203
325
305
326
124
327
128
328
357
329
127
330
123
331
164
332
123
333
124
334
123
335
129
336
131
337
277
338
132
339
129
340
122
341
124
342
129
343
127
344
139
345
138
346
130
347
148
348
145
349
135
350
135
351
139
352
144
353
157
354
152
355
131
356
164
357
149
358
133
359
225
360
148
361
258
362
142
363
225
364
148
365
137
366
146
367
161
368
149
369
400
370
251
371
139
372
144
373
144
374
216
375
149
376
146
377
138
378
148
379
164
380
156
381
146
382
145
383
310
384
147
385
277
386
154
387
236
388
171
389
149
390
187
391
153
392
177
393
153
394
155
395
158
396
155
397
156
398
165
399
315
400
156
401
154
402
149
403
158
404
240
405
179
406
156
407
210
408
175
409
156
410
241
411
151
412
172
413
164
414
152
415
502
416
187
417
172
418
167
419
467
420
173
421
155
422
172
423
174
424
207
425
415
426
177
427
177
428
216
429
175
430
304
431
162
432
167
433
239
434
171
435
181
436
168
437
173
438
188
439
203
440
295
441
188
442
167
443
326
444
292
445
187
446
182
447
177
448
322
449
187
450
171
451
183
452
180
453
172
454
331
455
191
456
205
457
313
458
202
459
222
460
192
461
192
462
197
463
176
464
188
465
201
466
186
467
182
468
336
469
207
470
194
471
261
472
190
473
186
474
191
475
269
476
192
477
190
478
190
479
200
480
215
481
215
482
195
483
208
484
256
485
277
486
189
487
189
488
190
489
282
490
216
491
201
492
208
493
212
494
286
495
472
496
379
497
299
498
219
499
208
500
348
501
204
502
217
503
373
504
204
505
243
506
212
507
197
508
229
509
208
510
194
511
224
512
391
513
230
514
205
515
236
516
323
517
354
518
372
519
203
520
471
521
206
522
211
523
237
524
251
525
220
526
293
527
213
528
218
529
251
530
414
531
216
532
204
533
220
534
211
535
231
536
243
537
407
538
380
539
221
540
227
541
221
542
246
543
359
544
257
545
216
546
218
547
234
548
224
549
224
550
285
551
223
552
240
553
458
554
266
555
222
556
261
557
230
558
295
559
278
560
226
561
247
562
251
563
249
564
237
565
213
566
370
567
699
568
424
569
334
570
246
571
225
572
223
573
231
574
328
575
234
576
259
577
245
578
419
579
220
580
233
581
225
582
222
583
259
584
423
585
336
586
243
587
246
588
228
589
245
590
225
591
311
592
267
593
240
594
244
595
259
596
247
597
248
598
260
599
260
600
368
601
248
602
306
603
237
604
264
605
260
606
284
607
241
608
276
609
470
610
236
611
255
612
621
613
279
614
339
615
285
616
282
617
243
618
257
619
361
620
254
621
307
622
263
623
479
624
266
625
255
626
253
627
259
628
293
629
371
630
280
631
382
632
274
633
311
634
254
635
262
636
278
637
280
638
265
639
312
640
300
641
325
642
300
643
253
644
278
645
283
646
306
647
314
648
322
649
261
650
288
651
279
652
269
653
412
654
323
655
592
656
278
657
307
658
270
659
368
660
285
661
592
662
304
663
273
664
308
665
306
666
312
667
295
668
299
669
279
670
318
671
357
672
299
673
278
674
265
675
276
676
294
677
315
678
316
679
285
680
283
681
296
682
346
683
274
684
282
685
301
686
301
687
318
688
325
689
305
690
622
691
307
692
333
693
472
694
305
695
296
696
300
697
312
698
318
699
301
700
418
701
349
702
308
703
340
704
352
705
291
706
438
707
633
708
298
709
287
710
292
711
303
712
329
713
388
714
292
715
303
716
315
717
308
718
316
719
290
720
350
721
309
722
297
723
297
724
318
725
359
726
318
727
359
728
410
729
332
730
321
731
291
732
370
733
304
734
304
735
332
736
522
737
395
738
379
739
553
740
424
741
306
742
354
743
386
744
431
745
304
746
352
747
314
748
306
749
320
750
351
751
335
752
316
753
326
754
316
755
325
756
326
757
333
758
321
759
311
760
311
761
374
762
357
763
321
764
458
765
325
766
338
767
354
768
328
769
337
770
330
771
377
772
387
773
331
774
523
775
323
776
329
777
383
778
506
779
316
780
434
781
596
782
552
783
776
784
329
785
350
786
335
787
333
788
411
789
494
790
334
791
339
792
352
793
405
794
442
795
349
796
350
797
587
798
372
799
346
800
358
801
327
802
343
803
337
804
389
805
355
806
649
807
340
808
382
809
438
810
345
811
386
812
358
813
401
814
364
815
353
816
454
817
437
818
368
819
404
820
368
821
393
822
361
823
354
824
409
825
358
826
450
827
350
828
402
829
485
830
369
831
360
832
348
833
337
834
358
835
375
836
370
837
387
838
345
839
464
840
355
841
374
842
504
843
409
844
448
845
385
846
374
847
394
848
403
849
410
850
374
851
401
852
394
853
371
854
557
855
385
856
413
857
372
858
375
859
398
860
404
861
435
862
498
863
463
864
407
865
432
866
411
867
370
868
445
869
462
870
387
871
387
872
415
873
414
874
406
875
390
876
367
877
428
878
377
879
407
880
430
881
413
882
434
883
471
884
409
885
414
886
376
887
420
888
430
889
415
890
421
891
447
892
415
893
412
894
409
895
421
896
433
897
439
898
379
899
464
900
478
901
419
902
416
903
393
904
399
905
402
906
389
907
446
908
393
909
474
910
373
911
412
912
461
913
392
914
406
915
401
916
574
917
474
918
776
919
407
920
413
921
571
922
399
923
471
924
646
925
426
926
456
927
457
928
439
929
428
930
418
931
412
932
415
933
392
934
450
935
420
936
569
937
455
938
576
939
415
940
406
941
447
942
413
943
709
944
433
945
453
946
499
947
399
948
426
949
492
950
438
951
472
952
455
953
404
954
536
955
464
956
410
957
462
958
435
959
436
960
437
961
427
962
470
963
527
964
608
965
416
966
453
967
421
968
485
969
1289
970
497
971
441
972
435
973
424
974
485
975
441
976
462
977
634
978
862
979
570
980
446
981
435
982
529
983
434
984
471
985
437
986
444
987
486
988
504
989
473
990
457
991
468
992
433
993
488
994
493
995
489
996
479
997
524
998
518
999
539
