1
76
2
67
3
4
4
3
5
3
6
5
7
4
8
4
9
4
10
5
11
4
12
26
13
4
14
5
15
7
16
6
17
6
18
8
19
7
20
9
21
8
22
9
23
9
24
14
25
10
26
11
27
12
28
12
29
13
30
14
31
15
32
16
33
16
34
17
35
18
36
20
37
22
38
20
39
20
40
22
41
24
42
27
43
25
44
27
45
28
46
29
47
41
48
31
49
85
50
32
51
33
52
34
53
39
54
39
55
40
56
41
57
45
58
42
59
45
60
48
61
48
62
49
63
49
64
51
65
53
66
53
67
54
68
57
69
107
70
56
71
57
72
59
73
63
74
65
75
66
76
70
77
150
78
71
79
72
80
235
81
165
82
225
83
126
84
85
85
80
86
82
87
84
88
86
89
87
90
90
91
91
92
93
93
94
94
102
95
100
96
102
97
184
98
107
99
173
100
116
101
118
102
118
103
117
104
123
105
126
106
125
107
128
108
185
109
130
110
132
111
135
112
139
113
144
114
204
115
149
116
150
117
160
118
159
119
334
120
298
121
161
122
167
123
170
124
371
125
388
126
177
127
181
128
179
129
186
130
257
131
291
132
190
133
188
134
194
135
197
136
195
137
201
138
199
139
201
140
210
141
230
142
273
143
217
144
223
145
224
146
227
147
231
148
243
149
241
150
246
151
245
152
252
153
323
154
347
155
277
156
344
157
268
158
284
159
272
160
298
161
526
162
525
163
381
164
378
165
372
166
311
167
306
168
320
169
309
170
313
171
374
172
326
173
333
174
336
175
346
176
378
177
344
178
347
179
356
180
356
181
369
182
371
183
504
184
377
185
393
186
387
187
389
188
395
189
399
190
425
191
405
192
403
193
409
194
416
195
505
196
534
197
665
198
571
199
452
200
499
201
454
202
483
203
484
204
494
205
499
206
528
207
476
208
531
209
685
210
497
211
670
212
504
213
588
214
591
215
554
216
579
217
534
218
622
219
661
220
828
221
781
222
572
223
567
224
607
225
669
226
822
227
599
228
798
229
598
230
601
231
626
232
613
233
637
234
707
235
820
236
861
237
741
238
960
239
770
240
662
241
657
242
652
243
768
244
758
245
747
246
681
247
833
248
708
249
718
250
958
251
718
252
754
253
712
254
744
255
844
256
745
257
763
258
842
259
887
260
775
261
769
262
813
263
870
264
947
265
796
266
994
267
901
268
830
269
1063
270
851
271
840
272
897
273
1165
274
860
275
885
276
873
277
1047
278
1060
279
902
280
1008
281
1063
282
1017
283
932
284
928
285
1011
286
928
287
952
288
1015
289
982
290
959
291
1065
292
1204
293
1043
294
1340
295
998
296
1007
297
1047
298
1161
299
1014
300
1073
301
1056
302
1129
303
1108
304
1056
305
1094
306
1186
307
1349
308
1178
309
1101
310
1399
311
1109
312
1201
313
1120
314
1220
315
1128
316
1142
317
1220
318
1207
319
1168
320
1217
321
1283
322
1205
323
1191
324
1371
325
1202
326
1219
327
1323
328
1284
329
1259
330
1215
331
1240
332
1400
333
1266
334
1305
335
1317
336
1271
337
1276
338
1257
339
1278
340
1517
341
1305
342
1362
343
1318
344
1318
345
1397
346
1343
347
1426
348
1511
349
1466
350
1555
351
1346
352
1363
353
1408
354
1381
355
1447
356
1570
357
1482
358
1423
359
1442
360
1426
361
1471
362
1473
363
1478
364
1518
365
1471
366
1466
367
1460
368
1552
369
1540
370
1533
371
1540
372
1528
373
1544
374
1580
375
1515
376
1598
377
1603
378
1560
379
1661
380
1713
381
1684
382
1661
383
1672
384
1629
385
1627
386
1612
387
1685
388
1694
389
1658
390
1766
391
1649
392
1689
393
1924
394
1942
395
1762
396
1796
397
1744
398
1873
399
1752
400
1832
401
1762
402
1798
403
1830
404
1974
405
1838
406
1798
407
1810
408
2006
409
1879
410
1955
411
2098
412
1865
413
2070
414
1980
415
2105
416
2038
417
2091
418
2238
419
2123
420
2097
421
2063
422
2099
423
2004
424
2029
425
2013
426
2015
427
2140
428
2050
429
2172
430
2051
431
2343
432
2136
433
2082
434
2061
435
2119
436
2322
437
2097
438
2145
439
2163
440
2155
441
2159
442
2141
443
2161
444
2152
445
2272
446
2496
447
2291
448
2365
449
2345
450
2209
451
2360
452
2256
453
2345
454
2278
455
2282
456
2271
457
2375
458
2289
459
2350
460
2500
461
2457
462
2341
463
2449
464
2401
465
2431
466
2420
467
2495
468
2429
469
2444
470
2421
471
2722
472
2428
473
2674
474
2450
475
2486
476
2474
477
2653
478
2485
479
2533
480
2538
481
2570
482
2568
483
2577
484
2633
485
2639
486
2568
487
2649
488
2704
489
2591
490
2636
491
2639
492
2761
493
2653
494
2728
495
2712
496
2685
497
2735
498
2713
499
2793
500
2851
501
2910
502
2875
503
2982
504
2836
505
2794
506
2816
507
2846
508
2870
509
2816
510
3093
511
3015
512
2887
513
2896
514
2921
515
2896
516
2945
517
2930
518
2984
519
2978
520
3019
521
3066
522
3100
523
3051
524
3030
525
3124
526
3139
527
3170
528
3042
529
3068
530
3108
531
3099
532
3105
533
3116
534
3223
535
3436
536
3220
537
3241
538
3289
539
3200
540
3355
541
3204
542
3264
543
3339
544
3372
545
3306
546
3341
547
3283
548
3435
549
3372
550
3517
551
3373
552
3471
553
3568
554
3456
555
3708
556
3506
557
3635
558
3476
559
3542
560
3543
561
3563
562
3526
563
3618
564
3540
565
3559
566
3705
567
3580
568
3583
569
3715
570
3669
571
3674
572
3814
573
3667
574
3695
575
3767
576
3937
577
3759
578
3755
579
3721
580
3739
581
3865
582
3816
583
3786
584
3865
585
3837
586
4032
587
3828
588
3849
589
3920
590
4048
591
3924
592
3951
593
3998
594
3901
595
3938
596
4126
597
4234
598
4066
599
4061
600
4069
601
4075
602
4074
603
4138
604
4091
605
4235
606
4190
607
4230
608
4141
609
4269
610
4189
611
4327
612
4185
613
4219
614
4298
615
4176
616
4239
617
4287
618
4390
619
4407
620
4458
621
4365
622
4374
623
4382
624
4412
625
4697
626
4423
627
4444
628
4686
629
4513
630
4508
631
4778
632
4559
633
4636
634
4882
635
4619
636
4698
637
4665
638
4580
639
4651
640
4661
641
4745
642
4674
643
4700
644
4814
645
4740
646
4729
647
4964
648
4767
649
4871
650
4870
651
4746
652
4824
653
4758
654
4927
655
4848
656
4854
657
5020
658
4885
659
4905
660
4877
661
4895
662
5027
663
5085
664
5024
665
4985
666
5007
667
4995
668
5072
669
5077
670
5030
671
5258
672
5084
673
5215
674
5170
675
5184
676
5263
677
5128
678
5361
679
5216
680
5265
681
5470
682
5343
683
5334
684
5432
685
5495
686
5550
687
5540
688
5458
689
5337
690
5405
691
5449
692
5374
693
5425
694
5381
695
5419
696
5419
697
5323
698
5375
699
5304
700
5397
701
5351
702
5313
703
5449
704
5340
705
5409
706
5492
707
5652
708
5703
709
5454
710
5482
711
5482
712
5673
713
5485
714
5522
715
5532
716
5653
717
5620
718
5565
719
5555
720
5687
721
5625
722
5627
723
5603
724
5784
725
5734
726
5805
727
5966
728
5791
729
5835
730
5810
731
5791
732
5947
733
6003
734
5890
735
6036
736
6091
737
5943
738
6114
739
5954
740
5969
741
6064
742
5997
743
5986
744
6012
745
6133
746
6007
747
6248
748
6111
749
6128
750
6046
751
6233
752
6186
753
6160
754
6069
755
6127
756
6157
757
6155
758
6229
759
6212
760
6352
761
6282
762
6282
763
6563
764
6317
765
6351
766
6425
767
6475
768
6358
769
6390
770
6413
771
6480
772
6479
773
6494
774
6548
775
6541
776
6573
777
6546
778
6508
779
6731
780
6762
781
6683
782
6597
783
6600
784
6695
785
6645
786
7058
787
6714
788
6813
789
6816
790
6733
791
6835
792
6827
793
6829
794
6835
795
6838
796
7097
797
6880
798
6954
799
7089
800
7043
801
6944
802
6966
803
7510
804
7010
805
7115
806
7191
807
7101
808
7086
809
7189
810
7152
811
7101
812
7343
813
7374
814
7566
815
7536
816
7516
817
7479
818
7492
819
7551
820
7486
821
7477
822
7522
823
7658
824
7601
825
7780
826
7575
827
7763
828
7692
829
7895
830
7670
831
7723
832
7812
833
7739
834
7903
835
7722
836
7842
837
7826
838
7827
839
7776
840
7988
841
7940
842
7874
843
7961
844
7896
845
8008
846
7988
847
7955
848
8025
849
8020
850
8005
851
8211
852
8154
853
8154
854
8136
855
8143
856
8086
857
8187
858
8543
859
8211
860
8243
861
8208
862
8295
863
8285
864
8246
865
8294
866
8526
867
8388
868
8413
869
8368
870
8416
871
8378
872
8440
873
8529
874
8546
875
8538
876
8574
877
8552
878
8587
879
8683
880
8779
881
8613
882
8865
883
8842
884
8824
885
8959
886
8891
887
8790
888
9046
889
8797
890
8856
891
8828
892
8946
893
9017
894
9312
895
9031
896
8982
897
8913
898
8958
899
8996
900
9243
901
9243
902
9332
903
9132
904
9125
905
9142
906
9121
907
9124
908
9365
909
9213
910
9158
911
9138
912
9179
913
9493
914
9201
915
9278
916
9422
917
9395
918
9295
919
9558
920
9377
921
9358
922
9367
923
9407
924
9435
925
9523
926
9499
927
9525
928
9611
929
9535
930
9535
931
9599
932
9606
933
9662
934
9679
935
9731
936
9888
937
9735
938
9725
939
9838
940
9736
941
9900
942
9818
943
9765
944
9995
945
9890
946
10223
947
9885
948
9896
949
10004
950
9994
951
10029
952
10080
953
10172
954
10100
955
10062
956
10078
957
10296
958
10228
959
10298
960
10224
961
10185
962
10445
963
10206
964
10155
965
10324
966
10326
967
10224
968
10351
969
10259
970
10490
971
10608
972
10425
973
10712
974
10487
975
10661
976
10557
977
10663
978
10485
979
10740
980
10600
981
10575
982
10938
983
10815
984
10775
985
10915
986
11017
987
10876
988
11000
989
10950
990
11000
991
11078
992
11016
993
11001
994
11050
995
11190
996
11190
997
11104
998
11196
999
11072
