1
50
2
110
3
28
4
3
5
4
6
5
7
6
8
6
9
4
10
5
11
22
12
7
13
8
14
6
15
6
16
7
17
8
18
7
19
7
20
8
21
12
22
8
23
9
24
9
25
10
26
11
27
12
28
10
29
11
30
14
31
11
32
12
33
11
34
12
35
14
36
12
37
13
38
16
39
14
40
14
41
15
42
16
43
15
44
17
45
17
46
15
47
18
48
16
49
20
50
17
51
18
52
19
53
17
54
21
55
18
56
24
57
19
58
21
59
21
60
107
61
20
62
21
63
25
64
24
65
25
66
105
67
24
68
24
69
22
70
29
71
24
72
25
73
25
74
24
75
27
76
28
77
35
78
27
79
33
80
33
81
27
82
30
83
28
84
32
85
35
86
30
87
32
88
33
89
53
90
105
91
34
92
35
93
33
94
36
95
37
96
33
97
58
98
36
99
33
100
36
101
189
102
39
103
35
104
37
105
70
106
39
107
38
108
42
109
39
110
41
111
44
112
40
113
38
114
42
115
42
116
69
117
41
118
53
119
75
120
42
121
44
122
45
123
43
124
45
125
46
126
44
127
44
128
73
129
49
130
49
131
49
132
49
133
47
134
154
135
53
136
48
137
50
138
111
139
57
140
51
141
55
142
48
143
49
144
51
145
55
146
53
147
57
148
53
149
54
150
55
151
59
152
62
153
61
154
56
155
54
156
60
157
64
158
59
159
55
160
59
161
56
162
60
163
64
164
59
165
60
166
58
167
59
168
111
169
68
170
63
171
63
172
64
173
68
174
67
175
65
176
70
177
64
178
67
179
68
180
143
181
67
182
67
183
117
184
71
185
70
186
82
187
69
188
72
189
77
190
78
191
71
192
137
193
76
194
86
195
178
196
88
197
72
198
81
199
77
200
74
201
79
202
78
203
76
204
91
205
90
206
136
207
86
208
136
209
86
210
80
211
104
212
211
213
87
214
79
215
88
216
81
217
90
218
90
219
108
220
93
221
87
222
84
223
85
224
91
225
198
226
87
227
97
228
100
229
97
230
96
231
96
232
90
233
97
234
90
235
106
236
91
237
105
238
100
239
98
240
97
241
99
242
101
243
94
244
102
245
204
246
94
247
392
248
249
249
99
250
221
251
103
252
100
253
103
254
102
255
102
256
99
257
111
258
144
259
98
260
102
261
166
262
107
263
116
264
104
265
328
266
107
267
118
268
107
269
120
270
119
271
107
272
106
273
110
274
107
275
190
276
149
277
115
278
129
279
158
280
126
281
134
282
118
283
400
284
122
285
116
286
138
287
176
288
124
289
134
290
128
291
124
292
126
293
142
294
132
295
144
296
129
297
242
298
188
299
155
300
135
301
201
302
137
303
212
304
128
305
133
306
133
307
126
308
140
309
227
310
137
311
133
312
149
313
150
314
156
315
149
316
162
317
153
318
150
319
148
320
129
321
140
322
335
323
375
324
148
325
205
326
147
327
150
328
164
329
192
330
147
331
177
332
153
333
152
334
132
335
133
336
141
337
155
338
137
339
145
340
290
341
211
342
146
343
142
344
151
345
158
346
149
347
148
348
145
349
246
350
145
351
144
352
152
353
155
354
150
355
262
356
145
357
170
358
146
359
149
360
335
361
274
362
359
363
355
364
145
365
175
366
145
367
167
368
153
369
164
370
151
371
275
372
193
373
162
374
158
375
146
376
166
377
164
378
204
379
517
380
186
381
183
382
189
383
206
384
164
385
180
386
163
387
169
388
209
389
156
390
211
391
159
392
184
393
152
394
194
395
173
396
169
397
175
398
176
399
170
400
163
401
176
402
201
403
295
404
199
405
162
406
232
407
179
408
164
409
216
410
170
411
180
412
209
413
169
414
189
415
194
416
171
417
209
418
183
419
187
420
199
421
198
422
176
423
176
424
180
425
180
426
185
427
219
428
182
429
188
430
173
431
192
432
188
433
184
434
183
435
197
436
181
437
199
438
304
439
387
440
366
441
187
442
321
443
233
444
186
445
395
446
255
447
202
448
191
449
195
450
195
451
541
452
298
453
191
454
227
455
438
456
357
457
223
458
222
459
219
460
205
461
313
462
218
463
213
464
207
465
197
466
227
467
539
468
301
469
361
470
199
471
317
472
221
473
233
474
211
475
198
476
223
477
294
478
259
479
203
480
334
481
232
482
238
483
372
484
421
485
216
486
209
487
233
488
208
489
259
490
209
491
238
492
221
493
220
494
216
495
282
496
205
497
469
498
440
499
253
500
216
501
261
502
222
503
245
504
301
505
397
506
207
507
424
508
298
509
226
510
225
511
224
512
308
513
224
514
252
515
230
516
227
517
232
518
219
519
239
520
234
521
257
522
241
523
234
524
273
525
316
526
287
527
429
528
248
529
226
530
242
531
248
532
225
533
228
534
240
535
242
536
257
537
284
538
437
539
438
540
232
541
231
542
236
543
230
544
251
545
240
546
241
547
247
548
258
549
261
550
322
551
264
552
267
553
249
554
265
555
502
556
426
557
243
558
255
559
243
560
274
561
272
562
266
563
246
564
253
565
313
566
342
567
518
568
246
569
258
570
562
571
264
572
249
573
574
574
272
575
291
576
280
577
274
578
295
579
262
580
309
581
500
582
374
583
292
584
250
585
265
586
325
587
254
588
318
589
297
590
362
591
328
592
265
593
485
594
520
595
264
596
382
597
366
598
290
599
300
600
276
601
306
602
272
603
310
604
276
605
335
606
422
607
295
608
294
609
284
610
315
611
275
612
290
613
274
614
293
615
390
616
364
617
273
618
316
619
526
620
345
621
458
622
276
623
356
624
471
625
409
626
276
627
358
628
468
629
300
630
352
631
316
632
387
633
435
634
335
635
325
636
331
637
286
638
301
639
280
640
330
641
303
642
310
643
304
644
293
645
327
646
301
647
360
648
290
649
311
650
364
651
352
652
317
653
308
654
351
655
291
656
305
657
307
658
304
659
289
660
360
661
303
662
326
663
480
664
310
665
292
666
298
667
323
668
306
669
380
670
386
671
378
672
326
673
325
674
323
675
314
676
318
677
310
678
352
679
379
680
442
681
443
682
298
683
321
684
294
685
371
686
329
687
345
688
355
689
366
690
381
691
370
692
403
693
377
694
347
695
379
696
326
697
383
698
340
699
319
700
324
701
359
702
328
703
334
704
535
705
353
706
354
707
422
708
338
709
333
710
467
711
342
712
334
713
369
714
318
715
393
716
363
717
337
718
347
719
331
720
322
721
422
722
335
723
324
724
352
725
351
726
349
727
358
728
354
729
346
730
551
731
328
732
353
733
342
734
438
735
375
736
396
737
366
738
374
739
496
740
339
741
396
742
431
743
430
744
372
745
363
746
329
747
424
748
365
749
487
750
370
751
347
752
443
753
509
754
361
755
349
756
366
757
443
758
409
759
348
760
350
761
369
762
397
763
391
764
363
765
356
766
441
767
557
768
356
769
368
770
404
771
359
772
374
773
377
774
380
775
519
776
593
777
386
778
376
779
379
780
410
781
408
782
379
783
393
784
349
785
355
786
424
787
370
788
368
789
395
790
361
791
454
792
404
793
364
794
371
795
431
796
400
797
405
798
361
799
449
800
372
801
575
802
374
803
598
804
362
805
516
806
381
807
400
808
374
809
390
810
446
811
425
812
399
813
370
814
481
815
419
816
374
817
395
818
399
819
388
820
429
821
426
822
428
823
402
824
396
825
412
826
481
827
538
828
403
829
386
830
453
831
378
832
416
833
409
834
400
835
403
836
386
837
674
838
388
839
452
840
420
841
408
842
414
843
433
844
568
845
417
846
462
847
417
848
453
849
397
850
438
851
484
852
535
853
493
854
440
855
463
856
420
857
560
858
443
859
505
860
435
861
464
862
413
863
415
864
566
865
512
866
477
867
427
868
410
869
476
870
430
871
425
872
416
873
405
874
466
875
428
876
414
877
595
878
488
879
438
880
408
881
451
882
448
883
451
884
577
885
440
886
495
887
412
888
416
889
408
890
447
891
445
892
518
893
509
894
494
895
504
896
472
897
527
898
515
899
413
900
432
901
453
902
464
903
460
904
419
905
436
906
443
907
494
908
421
909
424
910
473
911
428
912
443
913
627
914
518
915
562
916
474
917
433
918
467
919
447
920
440
921
460
922
445
923
603
924
434
925
528
926
432
927
541
928
569
929
437
930
516
931
474
932
472
933
443
934
460
935
452
936
447
937
441
938
466
939
459
940
448
941
603
942
461
943
610
944
500
945
489
946
733
947
465
948
472
949
501
950
483
951
472
952
453
953
473
954
526
955
457
956
447
957
458
958
463
959
478
960
521
961
458
962
502
963
510
964
603
965
501
966
617
967
459
968
632
969
606
970
516
971
528
972
460
973
535
974
570
975
481
976
501
977
449
978
496
979
721
980
569
981
637
982
499
983
496
984
511
985
555
986
504
987
480
988
468
989
473
990
556
991
672
992
470
993
528
994
561
995
476
996
511
997
515
998
465
999
518
