1
2
2
3
3
3
4
3
5
2
6
3
7
4
8
6
9
4
10
3
11
5
12
4
13
5
14
6
15
7
16
6
17
7
18
7
19
8
20
10
21
9
22
9
23
10
24
11
25
11
26
13
27
14
28
13
29
15
30
17
31
17
32
17
33
18
34
19
35
20
36
123
37
22
38
23
39
25
40
26
41
28
42
27
43
29
44
173
45
32
46
33
47
37
48
37
49
94
50
40
51
41
52
43
53
43
54
45
55
46
56
50
57
51
58
52
59
53
60
57
61
59
62
58
63
60
64
66
65
66
66
66
67
67
68
74
69
72
70
81
71
76
72
77
73
82
74
82
75
85
76
92
77
91
78
93
79
94
80
95
81
98
82
102
83
103
84
269
85
129
86
110
87
112
88
121
89
117
90
120
91
343
92
126
93
131
94
168
95
135
96
138
97
141
98
145
99
148
100
153
101
151
102
204
103
160
104
172
105
163
106
168
107
171
108
174
109
228
110
185
111
183
112
191
113
191
114
238
115
197
116
200
117
249
118
207
119
298
120
272
121
219
122
227
123
255
124
230
125
339
126
239
127
245
128
248
129
245
130
249
131
485
132
258
133
260
134
269
135
526
136
623
137
287
138
429
139
293
140
289
141
399
142
352
143
429
144
308
145
337
146
391
147
328
148
486
149
497
150
333
151
336
152
340
153
363
154
364
155
354
156
428
157
369
158
370
159
379
160
442
161
434
162
625
163
415
164
700
165
400
166
409
167
412
168
415
169
424
170
431
171
430
172
444
173
462
174
454
175
457
176
518
177
494
178
488
179
614
180
522
181
646
182
527
183
585
184
543
185
832
186
621
187
524
188
674
189
675
190
600
191
899
192
625
193
593
194
558
195
625
196
708
197
595
198
608
199
662
200
600
201
725
202
659
203
738
204
751
205
621
206
776
207
647
208
645
209
815
210
697
211
825
212
711
213
667
214
820
215
706
216
759
217
902
218
708
219
711
220
763
221
757
222
749
223
848
224
848
225
831
226
837
227
777
228
855
229
786
230
808
231
877
232
813
233
828
234
880
235
890
236
875
237
909
238
895
239
866
240
1738
241
1009
242
1430
243
1075
244
960
245
1022
246
1002
247
926
248
938
249
976
250
2018
251
1358
252
1059
253
975
254
1089
255
1022
256
1000
257
1185
258
1000
259
1012
260
1024
261
1043
262
1098
263
1224
264
1049
265
1649
266
1054
267
2282
268
1092
269
1129
270
1136
271
1159
272
1141
273
1113
274
1181
275
1168
276
1153
277
2145
278
1314
279
1182
280
1369
281
1511
282
1932
283
1244
284
1220
285
1264
286
1417
287
1261
288
1913
289
1493
290
1443
291
1407
292
1267
293
1331
294
2900
295
1305
296
1374
297
1889
298
2535
299
1407
300
1345
301
2384
302
2115
303
1409
304
1403
305
1586
306
1482
307
1562
308
1420
309
1481
310
1512
311
1520
312
1534
313
1535
314
1513
315
1578
316
1477
317
1510
318
1584
319
1565
320
1580
321
1535
322
1835
323
1663
324
1743
325
1613
326
2147
327
2125
328
1628
329
1744
330
1979
331
1887
332
1629
333
1678
334
1724
335
1945
336
1793
337
1854
338
1817
339
1827
340
1730
341
1964
342
1907
343
1880
344
1833
345
2511
346
1871
347
1930
348
1887
349
1916
350
1937
351
2591
352
2079
353
3023
354
2000
355
2032
356
1961
357
1985
358
2057
359
2036
360
2101
361
2074
362
2157
363
2268
364
2052
365
2796
366
3323
367
3046
368
2084
369
2173
370
2120
371
3157
372
2116
373
2099
374
2160
375
2233
376
2168
377
2299
378
2223
379
2218
380
2207
381
2414
382
2567
383
2380
384
2230
385
3668
386
2392
387
2231
388
2563
389
2360
390
2334
391
2565
392
2468
393
3732
394
2362
395
2512
396
2444
397
2623
398
2354
399
2443
400
3904
401
4126
402
2647
403
2940
404
2654
405
2465
406
2630
407
2596
408
2618
409
2735
410
2679
411
2602
412
2855
413
2766
414
2751
415
2783
416
2791
417
3031
418
3783
419
4180
420
2728
421
2703
422
2877
423
2851
424
2848
425
2787
426
2899
427
3792
428
4037
429
2862
430
2955
431
2914
432
2964
433
2965
434
4422
435
2895
436
3126
437
2847
438
2926
439
3000
440
5370
441
3093
442
3066
443
3132
444
3293
445
3032
446
3120
447
2976
448
3147
449
3201
450
4414
451
3259
452
3245
453
3168
454
3496
455
3337
456
3225
457
4251
458
4815
459
3269
460
3343
461
4254
462
3317
463
3331
464
3307
465
3308
466
3540
467
3672
468
3400
469
4356
470
3525
471
3506
472
3442
473
5301
474
3432
475
3405
476
3611
477
3518
478
3797
479
3561
480
3588
481
3506
482
3715
483
3584
484
3587
485
3506
486
3648
487
3729
488
3811
489
3802
490
3751
491
3607
492
3736
493
3720
494
3840
495
3842
496
3943
497
3923
498
4022
499
4035
500
3931
501
4307
502
3985
503
3869
504
3998
505
5284
506
3971
507
4156
508
3973
509
3868
510
4074
511
3962
512
4025
513
4030
514
4226
515
4354
516
4110
517
4056
518
4137
519
4462
520
4012
521
4252
522
4458
523
4376
524
7100
525
7715
526
4346
527
4542
528
8985
529
4383
530
4542
531
7545
532
4702
533
4654
534
4709
535
4501
536
4493
537
4400
538
4536
539
4640
540
4456
541
4728
542
4565
543
8519
544
4711
545
4692
546
4611
547
4809
548
4442
549
4777
550
4847
551
11185
552
4572
553
4807
554
8631
555
9380
556
5024
557
4855
558
5015
559
4860
560
4954
561
4973
562
10977
563
4977
564
5098
565
8139
566
10166
567
4785
568
5092
569
5120
570
5190
571
7447
572
5585
573
5188
574
5798
575
4954
576
5333
577
5143
578
5049
579
5330
580
5306
581
5506
582
5046
583
7658
584
5582
585
11887
586
5486
587
5136
588
5461
589
5476
590
5615
591
8884
592
10111
593
5228
594
8425
595
9132
596
9591
597
5464
598
5531
599
5482
600
5824
601
5654
602
5704
603
5666
604
5644
605
5432
606
8841
607
9260
608
5862
609
6045
610
6540
611
6109
612
5787
613
5775
614
5959
615
6016
616
6086
617
6034
618
5988
619
8677
620
10218
621
6094
622
6031
623
5830
624
6153
625
9227
626
6102
627
6200
628
6053
629
6197
630
7681
631
6268
632
6122
633
5946
634
6388
635
9184
636
6170
637
9187
638
6362
639
6500
640
6350
641
9680
642
7655
643
6569
644
6436
645
6654
646
9009
647
9138
648
6577
649
6688
650
6525
651
6690
652
6750
653
6818
654
6927
655
6358
656
6793
657
8690
658
8163
659
8356
660
6842
661
6958
662
6823
663
6541
664
6723
665
6810
666
7023
667
7181
668
7115
669
7410
670
7894
671
7101
672
7019
673
7292
674
7152
675
10198
676
9192
677
6985
678
8833
679
7314
680
7263
681
7293
682
7473
683
6930
684
7419
685
9982
686
7577
687
7498
688
7474
689
7319
690
8158
691
9823
692
7323
693
7414
694
9005
695
7682
696
7451
697
7685
698
9390
699
7538
700
7570
701
7665
702
9471
703
7613
704
9712
705
7686
706
7554
707
7760
708
7942
709
7929
710
7864
711
7535
712
7919
713
10544
714
7775
715
7887
716
7932
717
7937
718
7786
719
8307
720
8072
721
8140
722
9976
723
8324
724
10030
725
8131
726
8387
727
8115
728
8336
729
8163
730
9519
731
8337
732
8871
733
8364
734
9926
735
8508
736
8427
737
8360
738
8457
739
8430
740
8394
741
8507
742
8941
743
8680
744
8455
745
8416
746
10654
747
8335
748
8671
749
8507
750
8660
751
8824
752
8988
753
10090
754
11329
755
8563
756
8991
757
8813
758
8737
759
10768
760
8991
761
8963
762
9229
763
8980
764
10414
765
10218
766
8875
767
9023
768
9233
769
9228
770
9192
771
8948
772
9155
773
9237
774
9238
775
9345
776
9289
777
9193
778
11157
779
9013
780
9158
781
9386
782
9288
783
9445
784
9356
785
9320
786
10088
787
9547
788
9498
789
9765
790
9638
791
9598
792
9586
793
11543
794
11148
795
9693
796
9728
797
9723
798
9842
799
9763
800
9834
801
9908
802
9801
803
10009
804
10104
805
10251
806
9906
807
10138
808
10071
809
9997
810
10157
811
10211
812
10377
813
10207
814
10262
815
13496
816
12075
817
10202
818
10304
819
10286
820
10324
821
10272
822
10578
823
10575
824
10597
825
10342
826
11291
827
10421
828
10598
829
12277
830
10582
831
10740
832
10830
833
10696
834
12058
835
10911
836
11119
837
12264
838
10799
839
10707
840
11057
841
10822
842
11502
843
10987
844
12695
845
10995
846
10940
847
10869
848
11578
849
11142
850
10987
851
11345
852
11474
853
11021
854
11207
855
11285
856
11147
857
11151
858
11321
859
12927
860
11251
861
11400
862
11496
863
11511
864
11549
865
12789
866
11483
867
13350
868
11482
869
11628
870
11542
871
11780
872
11706
873
11685
874
11674
875
11797
876
11836
877
11856
878
13566
879
12019
880
11972
881
11812
882
12030
883
12824
884
13345
885
13667
886
13551
887
13314
888
12169
889
13362
890
13633
891
12159
892
21335
893
12459
894
12574
895
13236
896
12560
897
12609
898
12812
899
12758
900
12666
901
13110
902
13441
903
12667
904
13377
905
13004
906
12852
907
25860
908
12544
909
13362
910
13282
911
18667
912
13143
913
14062
914
13355
915
24229
916
18159
917
24537
918
16594
919
12975
920
13606
921
13452
922
13675
923
25429
924
13888
925
13491
926
21011
927
13744
928
13631
929
14005
930
20093
931
22299
932
16128
933
13203
934
17875
935
13830
936
13526
937
13566
938
13631
939
13660
940
13809
941
16132
942
14039
943
13594
944
13960
945
17584
946
17818
947
13705
948
13995
949
13809
950
14024
951
14147
952
13867
953
14029
954
13949
955
17496
956
14113
957
14212
958
14235
959
14469
960
14213
961
14247
962
14297
963
14151
964
14202
965
14221
966
14538
967
14795
968
14344
969
14381
970
14482
971
16139
972
16162
973
14556
974
14640
975
14612
976
14548
977
14613
978
14502
979
16505
980
14748
981
17001
982
14619
983
14949
984
14720
985
14959
986
14990
987
15134
988
15093
989
14616
990
14959
991
15221
992
15058
993
16960
994
15214
995
18514
996
14992
997
17391
998
15097
999
15285
