1
4
2
3
3
3
4
3
5
3
6
3
7
4
8
4
9
5
10
4
11
4
12
4
13
4
14
5
15
5
16
186
17
84
18
7
19
6
20
7
21
9
22
7
23
8
24
8
25
11
26
10
27
10
28
9
29
11
30
11
31
11
32
13
33
13
34
14
35
15
36
15
37
18
38
17
39
17
40
18
41
19
42
21
43
21
44
22
45
22
46
25
47
24
48
25
49
28
50
26
51
28
52
27
53
31
54
30
55
31
56
35
57
32
58
34
59
56
60
35
61
36
62
39
63
37
64
41
65
41
66
41
67
42
68
42
69
43
70
48
71
44
72
46
73
48
74
49
75
55
76
50
77
53
78
54
79
110
80
55
81
58
82
58
83
59
84
61
85
62
86
62
87
62
88
187
89
86
90
68
91
70
92
69
93
70
94
72
95
74
96
73
97
77
98
78
99
117
100
79
101
78
102
79
103
83
104
85
105
90
106
87
107
86
108
88
109
92
110
93
111
104
112
95
113
279
114
102
115
102
116
105
117
144
118
116
119
106
120
115
121
108
122
186
123
229
124
116
125
126
126
118
127
119
128
120
129
123
130
123
131
123
132
125
133
132
134
132
135
132
136
134
137
135
138
140
139
168
140
144
141
145
142
149
143
146
144
145
145
150
146
167
147
153
148
155
149
158
150
161
151
167
152
163
153
165
154
165
155
165
156
170
157
221
158
215
159
175
160
218
161
179
162
183
163
240
164
183
165
183
166
188
167
188
168
195
169
245
170
204
171
195
172
202
173
204
174
201
175
264
176
249
177
218
178
218
179
254
180
340
181
223
182
222
183
228
184
225
185
342
186
226
187
230
188
232
189
235
190
382
191
239
192
308
193
240
194
247
195
247
196
256
197
492
198
262
199
261
200
259
201
270
202
256
203
263
204
261
205
398
206
318
207
272
208
273
209
273
210
277
211
281
212
423
213
284
214
289
215
288
216
292
217
294
218
295
219
295
220
336
221
303
222
307
223
315
224
393
225
314
226
311
227
316
228
422
229
364
230
440
231
381
232
328
233
332
234
332
235
330
236
328
237
333
238
484
239
343
240
450
241
376
242
347
243
368
244
395
245
351
246
361
247
468
248
412
249
364
250
363
251
517
252
414
253
430
254
373
255
418
256
384
257
375
258
413
259
431
260
424
261
430
262
423
263
393
264
397
265
402
266
447
267
407
268
447
269
401
270
442
271
430
272
415
273
413
274
459
275
421
276
466
277
430
278
550
279
426
280
430
281
437
282
482
283
443
284
439
285
504
286
515
287
446
288
452
289
624
290
448
291
446
292
508
293
515
294
461
295
454
296
474
297
463
298
462
299
466
300
469
301
470
302
475
303
475
304
476
305
659
306
546
307
512
308
528
309
513
310
617
311
561
312
521
313
498
314
500
315
503
316
547
317
507
318
554
319
565
320
542
321
547
322
572
323
566
324
524
325
637
326
585
327
639
328
532
329
575
330
532
331
580
332
833
333
570
334
541
335
570
336
577
337
543
338
549
339
599
340
549
341
558
342
698
343
566
344
633
345
561
346
667
347
638
348
614
349
568
350
571
351
576
352
623
353
685
354
589
355
592
356
591
357
594
358
641
359
613
360
601
361
654
362
683
363
659
364
614
365
663
366
623
367
653
368
660
369
659
370
733
371
665
372
685
373
645
374
700
375
648
376
693
377
772
378
660
379
663
380
715
381
674
382
672
383
667
384
672
385
719
386
716
387
677
388
705
389
701
390
718
391
700
392
705
393
751
394
693
395
742
396
741
397
751
398
704
399
778
400
715
401
710
402
814
403
720
404
734
405
716
406
717
407
899
408
751
409
731
410
777
411
759
412
777
413
784
414
779
415
788
416
795
417
756
418
779
419
768
420
978
421
756
422
777
423
788
424
809
425
841
426
763
427
771
428
769
429
806
430
788
431
772
432
810
433
806
434
831
435
795
436
843
437
839
438
831
439
1255
440
799
441
829
442
1009
443
844
444
843
445
840
446
846
447
800
448
838
449
851
450
835
451
923
452
859
453
851
454
855
455
850
456
845
457
894
458
874
459
907
460
1483
461
857
462
887
463
861
464
877
465
865
466
917
467
882
468
857
469
874
470
893
471
882
472
908
473
881
474
877
475
886
476
879
477
943
478
907
479
905
480
895
481
920
482
913
483
917
484
907
485
921
486
931
487
884
488
901
489
979
490
1108
491
933
492
939
493
994
494
948
495
1798
496
964
497
933
498
960
499
957
500
966
501
989
502
944
503
974
504
968
505
967
506
972
507
1006
508
944
509
983
510
979
511
972
512
972
513
975
514
995
515
1001
516
1010
517
963
518
969
519
987
520
1002
521
991
522
1006
523
994
524
1026
525
1127
526
1006
527
1199
528
1018
529
1018
530
1030
531
1033
532
1073
533
1045
534
1028
535
1008
536
1184
537
1015
538
1025
539
1087
540
1323
541
1023
542
1049
543
1049
544
2241
545
1068
546
1061
547
1046
548
1075
549
1063
550
1044
551
1075
552
1047
553
1105
554
1141
555
1082
556
1086
557
1101
558
1126
559
1194
560
1081
561
1080
562
1125
563
1133
564
1111
565
1101
566
1102
567
1125
568
1161
569
1152
570
1117
571
1145
572
1128
573
1214
574
1254
575
1168
576
1142
577
1156
578
1137
579
1139
580
1140
581
1154
582
1183
583
1177
584
1152
585
1168
586
1215
587
1170
588
1200
589
1283
590
1201
591
1267
592
1184
593
1171
594
1258
595
1233
596
1210
597
1200
598
1220
599
1317
600
1401
601
1223
602
1196
603
1233
604
1223
605
1199
606
1198
607
1331
608
1250
609
1212
610
1240
611
1239
612
1313
613
1229
614
1257
615
1243
616
1233
617
1225
618
1230
619
1266
620
1264
621
1313
622
1252
623
1264
624
1283
625
1304
626
1318
627
1263
628
1292
629
2171
630
1256
631
1330
632
1271
633
1293
634
1425
635
1299
636
1299
637
1270
638
1287
639
1280
640
1316
641
1307
642
1282
643
1333
644
1399
645
1295
646
1317
647
1331
648
1298
649
1320
650
1320
651
1351
652
1355
653
1321
654
1322
655
1353
656
1473
657
1398
658
1351
659
1355
660
1336
661
1368
662
1371
663
1335
664
1359
665
1349
666
1331
667
1328
668
1375
669
1515
670
1400
671
1355
672
1362
673
1458
674
1412
675
1336
676
1380
677
1374
678
1358
679
1381
680
1389
681
1346
682
1383
683
1364
684
1402
685
1361
686
1859
687
1403
688
1374
689
1453
690
1427
691
1437
692
1430
693
1407
694
1409
695
1388
696
1397
697
1410
698
1402
699
1415
700
1435
701
1405
702
1429
703
1414
704
1398
705
1404
706
1392
707
1421
708
1534
709
1450
710
1421
711
1432
712
1475
713
1510
714
1421
715
1488
716
1440
717
1476
718
1471
719
1457
720
1424
721
1511
722
1471
723
1425
724
1464
725
1429
726
1509
727
1489
728
1464
729
1515
730
1443
731
1454
732
1523
733
1450
734
1475
735
1461
736
1465
737
1469
738
1512
739
1580
740
1535
741
1508
742
1481
743
1507
744
1532
745
1497
746
1528
747
1512
748
1566
749
1484
750
1544
751
1739
752
1509
753
1510
754
1512
755
1514
756
1654
757
1530
758
1565
759
1529
760
1520
761
1574
762
1533
763
1563
764
1551
765
1658
766
1571
767
1574
768
1551
769
1537
770
1590
771
1543
772
1596
773
1545
774
1562
775
1654
776
1601
777
1583
778
1790
779
1574
780
1655
781
1633
782
1576
783
1629
784
1582
785
1571
786
1625
787
1615
788
1614
789
1622
790
1612
791
1657
792
1603
793
1639
794
1669
795
1723
796
1664
797
1632
798
1679
799
2081
800
1641
801
1720
802
3267
803
1641
804
1687
805
1683
806
1664
807
1658
808
1670
809
1696
810
1770
811
1674
812
1678
813
1663
814
1667
815
1713
816
1654
817
1705
818
1713
819
1714
820
1701
821
1711
822
1756
823
1702
824
1699
825
1730
826
1765
827
1710
828
1730
829
1742
830
1691
831
1768
832
1769
833
1700
834
1760
835
1748
836
1723
837
1730
838
1745
839
1713
840
1753
841
1749
842
1722
843
1747
844
1715
845
1791
846
1806
847
1748
848
1767
849
1856
850
1760
851
1785
852
1792
853
1788
854
1755
855
1761
856
1751
857
1791
858
1709
859
1862
860
1795
861
1881
862
1798
863
1854
864
1853
865
1765
866
1863
867
1823
868
1783
869
1811
870
1804
871
1851
872
1812
873
1815
874
1833
875
2016
876
1808
877
1820
878
1795
879
1833
880
1840
881
1793
882
1856
883
1863
884
1863
885
1812
886
1852
887
1864
888
1824
889
2010
890
1853
891
1884
892
1823
893
1986
894
1843
895
1881
896
1912
897
1897
898
1927
899
1949
900
2021
901
1937
902
1857
903
1853
904
1868
905
1880
906
1886
907
1866
908
1980
909
1883
910
1917
911
1917
912
1892
913
1912
914
1935
915
1929
916
1915
917
1907
918
1932
919
1936
920
1891
921
1979
922
1934
923
1953
924
1912
925
1953
926
1920
927
1916
928
1942
929
1938
930
1965
931
2024
932
1944
933
1974
934
1925
935
2156
936
1983
937
1943
938
2034
939
1934
940
1942
941
1966
942
1988
943
1928
944
1925
945
2003
946
1980
947
1969
948
1989
949
1995
950
1971
951
1974
952
1988
953
1970
954
1999
955
1985
956
1979
957
2011
958
2087
959
2004
960
2003
961
2000
962
2187
963
2013
964
2003
965
2025
966
2220
967
2001
968
1996
969
2005
970
2123
971
2012
972
2029
973
2028
974
2134
975
2015
976
2045
977
2052
978
2667
979
2060
980
2079
981
2091
982
2117
983
2069
984
2064
985
2108
986
2072
987
2126
988
2073
989
2012
990
2009
991
2031
992
2007
993
2022
994
2029
995
2035
996
2055
997
2021
998
2398
999
2035
