1
0
2
1
3
2
4
4
5
6
6
9
7
12
8
16
9
20
10
24
11
29
12
35
13
41
14
48
15
56
16
64
17
72
18
80
19
81
20
90
21
99
22
110
23
121
24
132
25
143
26
147
27
159
28
171
29
185
30
200
31
214
32
228
33
241
34
259
35
274
36
287
37
303
38
319
39
340
40
361
41
379
42
397
43
402
44
421
45
445
46
465
47
490
48
511
49
520
50
544
51
566
52
594
53
617
54
640
55
664
56
690
57
721
58
746
59
772
60
793
61
819
62
846
63
847
64
864
65
891
66
918
67
945
68
975
69
1003
70
1032
71
1061
72
1080
73
1116
74
1146
75
1176
76
1204
77
1228
78
1273
79
1279
80
1310
81
1334
82
1366
83
1398
84
1443
85
1476
86
1514
87
1548
88
1583
89
1633
90
1669
91
1718
92
1724
93
1739
94
1753
95
1783
96
1820
97
1832
98
1882
99
1914
100
1952
101
1968
102
1974
103
2028
104
2067
105
2106
106
2162
107
2178
108
2232
109
2252
110
2275
111
2344
112
2385
113
2387
114
2429
115
2437
116
2479
117
2494
118
2536
119
2563
120
2622
121
2659
122
2702
123
2736
124
2779
125
2823
126
2867
127
2912
128
2991
129
3012
130
3082
131
3128
132
3173
133
3200
134
3280
135
3352
136
3430
137
3498
138
3544
139
3590
140
3639
141
3688
142
3742
143
3783
144
3833
145
3854
146
3905
147
3952
148
3992
149
4031
150
4082
151
4134
152
4186
153
4239
154
4266
155
4319
156
4357
157
4380
158
4418
159
4460
160
4511
161
4565
162
4649
163
4664
164
4669
165
4713
166
4755
167
4777
168
4832
169
4834
170
4889
171
4943
172
4998
173
5029
174
5038
175
5094
176
5149
177
5205
178
5237
179
5245
180
5357
181
5387
182
5444
183
5456
184
5514
185
5537
186
5595
187
5631
188
5681
189
5708
190
5766
191
5780
192
5782
193
5893
194
5925
195
5932
196
5991
197
6051
198
6083
199
6143
200
6203
201
6217
202
6245
203
6306
204
6354
205
6392
206
6446
207
6459
208
6592
209
6654
210
6677
211
6703
212
6732
213
6752
214
6791
215
6816
216
6861
217
6887
218
6949
219
6953
220
7008
221
7062
222
7082
223
7139
224
7202
225
7255
226
7318
227
7377
228
7414
229
7418
230
7449
231
7474
232
7495
233
7555
234
7720
235
7784
236
7791
237
7851
238
7915
239
7934
240
7991
241
8008
242
8053
243
8118
244
8238
245
8304
246
8323
247
8389
248
8407
249
8473
250
8539
251
8605
252
8650
253
8665
254
8704
255
8734
256
8801
257
8811
258
8878
259
8891
260
8907
261
8934
262
8973
263
9011
264
9078
265
9121
266
9136
267
9137
268
9145
269
9152
270
9172
271
9237
272
9260
273
9324
274
9383
275
9444
276
9499
277
9566
278
9615
279
9682
280
9748
281
9791
282
9843
283
9858
284
9915
285
9982
286
10028
287
10059
288
10064
289
10105
290
10149
291
10170
292
10237
293
10305
294
10363
295
10426
296
10454
297
10522
298
10603
299
10640
300
10709
301
10778
302
10784
303
10791
304
10843
305
10909
306
10978
307
10990
308
11038
309
11060
310
11129
311
11147
312
11211
313
11253
314
11286
315
11311
316
11347
317
11417
318
11473
319
11514
320
11538
321
11541
322
11602
323
12269
324
12341
325
12413
326
12482
327
12516
328
12584
329
12660
330
12724
331
12756
332
12801
333
12871
334
12877
335
12953
336
13016
337
13069
338
13078
339
13119
340
13132
341
13168
342
13245
343
13287
344
13329
345
13406
346
13432
347
13478
348
13484
349
13486
350
13563
351
13575
352
13653
353
13731
354
13789
355
13850
356
13920
357
13946
358
14024
359
14062
360
14082
361
14140
362
14209
363
14273
364
14301
365
14375
366
14434
367
14512
368
14540
369
14607
370
14637
371
14677
372
14680
373
14698
374
14776
375
14820
376
14826
377
14833
378
14911
379
14923
380
14932
381
15006
382
15030
383
15109
384
15182
385
15261
386
15320
387
15363
388
15370
389
15423
390
15502
391
15529
392
15540
393
15589
394
15668
395
15706
396
15730
397
15778
398
15806
399
15857
400
15872
401
15930
402
16009
403
16027
404
16101
405
16173
406
16235
407
16314
408
16392
409
16444
410
16524
411
16604
412
16630
413
16645
414
16725
415
16805
416
16885
417
16928
418
16969
419
16972
420
17052
421
17073
422
17102
423
17108
424
17177
425
17196
426
17240
427
17320
428
17386
429
17457
430
17500
431
17580
432
17609
433
17642
434
17722
435
17725
436
17729
437
17789
438
17869
439
17949
440
17960
441
18035
442
18105
443
18141
444
18222
445
18277
446
18311
447
18392
448
18473
449
18547
450
18629
451
18711
452
18793
453
18811
454
18893
455
18956
456
18992
457
19035
458
19090
459
19092
460
19106
461
19188
462
19270
463
19312
464
19341
465
19421
466
19466
467
19499
468
19540
469
19568
470
19584
471
19636
472
19640
473
19722
474
19805
475
19888
476
19928
477
19950
478
20029
479
20067
480
20150
481
20219
482
20250
483
20333
484
20416
485
20446
486
20499
487
20521
488
20594
489
20602
490
20626
491
20709
492
20713
493
20719
494
20747
495
20780
496
20863
497
20935
498
21001
499
21029
500
21112
501
21192
502
21270
503
21273
504
21340
505
21406
506
21490
507
21497
508
21581
509
21656
510
21700
511
21781
512
21825
513
21899
514
21971
515
22001
516
22006
517
22030
518
22082
519
22158
520
22189
521
22264
522
22327
523
22362
524
22443
525
22527
526
22595
527
22663
528
22725
529
22759
530
22843
531
22904
532
22919
533
23062
534
23126
535
23207
536
23247
537
23306
538
23391
539
23417
540
23452
541
23483
542
23491
543
23569
544
23574
545
23654
546
23662
547
23671
548
23674
549
23734
550
23819
551
23853
552
23888
553
23936
554
24005
555
24021
556
24059
557
24095
558
24179
559
24264
560
24334
561
24413
562
24473
563
24557
564
24610
565
24633
566
24697
567
24783
568
24865
569
24916
570
24934
571
24950
572
25031
573
25056
574
23716
575
23767
576
23803
577
23838
578
23866
579
23923
580
23978
581
24032
582
24070
583
24101
584
24103
585
24139
586
24173
587
24220
588
24234
589
24285
590
24288
591
24294
592
24316
593
24395
594
24415
595
24487
596
24519
597
24568
598
24590
599
24648
600
24670
601
24707
602
24789
603
24873
604
24893
605
24924
606
24959
607
25015
608
25081
609
25144
610
25158
611
25179
612
25197
613
25250
614
25303
615
25323
616
25408
617
25493
618
25561
619
25566
620
25605
621
25676
622
25685
623
25747
624
25797
625
25826
626
25860
627
25943
628
26022
629
26078
630
26119
631
26121
632
26206
633
26230
634
26315
635
26329
636
26384
637
26405
638
26476
639
26498
640
26583
641
26669
642
26713
643
26717
644
26756
645
26842
646
26866
647
26895
648
26981
649
27067
650
27100
651
27125
652
27189
653
27232
654
27318
655
27332
656
27405
657
27426
658
27512
659
27565
660
27643
661
27682
662
27737
663
27809
664
27873
665
27914
666
28000
667
28020
668
28082
669
28139
670
28181
671
28228
672
28272
673
28358
674
28409
675
28492
676
28577
677
28653
678
28666
679
28737
680
28805
681
28851
682
28937
683
28969
684
29056
685
29141
686
29188
687
29252
688
29259
689
29304
690
29321
691
29406
692
29491
693
29563
694
29620
695
29669
696
29682
697
29726
698
29795
699
29871
700
29874
701
29886
702
29910
703
29956
704
30043
705
30118
706
30147
707
30231
708
30282
709
30324
710
30380
711
30400
712
30487
713
30541
714
30594
715
30674
716
30713
717
30715
718
30759
719
30805
720
30852
721
30913
722
30945
723
30977
724
31011
725
31098
726
31180
727
31227
728
31261
729
31313
730
31337
731
31373
732
31437
733
31485
734
31567
735
31630
736
31653
737
31665
738
31713
739
31788
740
31843
741
31849
742
31936
743
31981
744
32040
745
32090
746
32115
747
32202
748
32253
749
32322
750
32368
751
32455
752
32486
753
32564
754
32595
755
32660
756
32728
757
32741
758
32754
759
32758
760
32823
761
32860
762
32899
763
32929
764
33014
765
33036
766
33123
767
33132
768
33167
769
33209
770
33294
771
33381
772
33429
773
33510
774
33545
775
33553
776
33584
777
33645
778
33652
779
33735
780
33765
781
33819
782
33900
783
33962
784
34074
785
34088
786
34134
787
34211
788
34300
789
34368
790
34457
791
34497
792
34561
793
34563
794
34587
795
34657
796
34727
797
34760
798
34805
799
34813
800
34872
801
34920
802
35009
803
35073
804
35157
805
35176
806
35212
807
35283
808
35356
809
35394
810
35458
811
35533
812
35534
813
35594
814
35604
815
35661
816
35734
817
35789
818
35823
819
35888
820
35910
821
35941
822
35946
823
36031
824
36063
825
36091
826
36146
827
36148
828
36208
829
36297
830
36307
831
36326
832
36372
833
36461
834
36544
835
36574
836
36592
837
36610
838
36700
839
36790
840
36845
841
36908
842
36972
843
37028
844
37051
845
37125
846
37138
847
37228
848
37256
849
37302
850
37362
851
37412
852
37488
853
37552
854
37586
855
37594
856
37684
857
37773
858
37783
859
37834
860
37921
861
37940
862
38009
863
38042
864
38060
865
38112
866
38174
867
38209
868
38278
869
38339
870
38364
871
38388
872
38412
873
38501
874
38580
875
38627
876
38689
877
38779
878
38821
879
38911
880
38948
881
38950
882
38989
883
39002
884
39067
885
39140
886
39161
887
39217
888
39278
889
39308
890
39315
891
39362
892
39410
893
39485
894
39565
895
39630
896
39656
897
39697
898
39787
899
39877
900
39879
901
39904
902
39923
903
39949
904
39962
905
40052
906
40124
907
40199
908
40288
909
40302
910
40366
911
40391
912
40406
913
40408
914
40446
915
40525
916
40600
917
40658
918
40693
919
40728
920
40815
921
40856
922
40938
923
40973
924
40989
925
41050
926
41141
927
41183
928
41185
929
41276
930
41312
931
41315
932
41338
933
41392
934
41420
935
41456
936
41507
937
41598
938
41609
939
41649
940
41662
941
41736
942
41800
943
41827
944
41903
945
41905
946
41911
947
41961
948
42021
949
42062
950
42147
951
42194
952
42275
953
42341
954
42422
955
42513
956
42540
957
42620
958
42658
959
42686
960
42765
961
42839
962
42869
963
42871
964
42899
965
42957
966
42994
967
43073
968
43131
969
43178
970
43196
971
43267
972
43288
973
43369
974
43460
975
43551
976
43634
977
43637
978
43683
979
43725
980
43769
981
43799
982
43887
983
43912
984
44003
985
44853
986
44927
987
44953
988
44972
989
44993
990
45021
991
45110
992
45200
993
45290
994
45305
995
45379
996
45460
997
45539
998
45590
999
45622
