1
0
2
0
3
0
4
0
5
1
6
3
7
4
8
10
9
11
10
13
11
18
12
25
13
37
14
49
15
53
16
58
17
70
18
83
19
100
20
113
21
126
22
129
23
140
24
156
25
172
26
191
27
206
28
228
29
242
30
250
31
254
32
269
33
294
34
314
35
330
36
334
37
366
38
389
39
424
40
458
41
483
42
490
43
498
44
525
45
532
46
553
47
593
48
626
49
641
50
682
51
704
52
752
53
801
54
845
55
875
56
906
57
940
58
947
59
970
60
978
61
1002
62
1035
63
1070
64
1082
65
1088
66
1091
67
1112
68
1115
69
1164
70
1181
71
1247
72
1272
73
1306
74
1318
75
1389
76
1443
77
1497
78
1560
79
1590
80
1591
81
1652
82
1724
83
1802
84
1860
85
1924
86
1968
87
1997
88
2033
89
2097
90
2165
91
2218
92
2232
93
2263
94
2283
95
2321
96
2370
97
2396
98
2470
99
2524
100
2622
101
2625
102
2677
103
2706
104
2755
105
2834
106
2860
107
2877
108
2922
109
2933
110
3005
111
3054
112
3155
113
3216
114
3257
115
3329
116
3367
117
3368
118
3483
119
3579
120
3668
121
3761
122
3815
123
3930
124
3946
125
4033
126
4075
127
4167
128
4173
129
4190
130
4232
131
4237
132
4259
133
4378
134
4422
135
4516
136
4607
137
4689
138
4815
139
4828
140
4939
141
5015
142
5097
143
5198
144
5212
145
5221
146
5271
147
5344
148
5355
149
5405
150
5456
151
5580
152
5596
153
5724
154
5843
155
5890
156
5975
157
5999
158
6013
159
6109
160
6164
161
6231
162
6338
163
6425
164
6481
165
6481
166
6522
167
6533
168
6640
169
6674
170
6703
171
6775
172
6917
173
7061
174
7088
175
7256
176
7407
177
7499
178
7585
179
7749
180
7911
181
8065
182
8200
183
8214
184
8343
185
8435
186
8502
187
8552
188
8683
189
8770
190
8944
191
8961
192
9137
193
9244
194
9367
195
9418
196
9527
197
9707
198
9770
199
9809
200
9831
201
9934
202
10071
203
10266
204
10337
205
10508
206
10694
207
10736
208
10814
209
10895
210
10926
211
10988
212
11044
213
11240
214
11318
215
11324
216
11421
217
11590
218
11658
219
11691
220
11743
221
11795
222
11847
223
11887
224
12074
225
12273
226
12386
227
12482
228
12670
229
12863
230
13017
231
13247
232
13337
233
13412
234
13634
235
13816
236
13853
237
14057
238
14067
239
14206
240
14275
241
14321
242
14547
243
14695
244
14721
245
14797
246
14959
247
15108
248
15129
249
15376
250
15572
251
15667
252
15725
253
15744
254
15892
255
15914
256
16166
257
16190
258
16327
259
16536
260
16794
261
16847
262
17057
263
17161
264
17306
265
17507
266
17557
267
17757
268
17938
269
18002
270
18102
271
18372
272
18500
273
18584
274
18748
275
18922
276
19104
277
19172
278
19239
279
19451
280
19519
281
19539
282
19581
283
19727
284
19757
285
19980
286
20164
287
20191
288
20449
289
20500
290
20778
291
21037
292
21159
293
21387
294
21485
295
21489
296
21657
297
21814
298
22042
299
22115
300
22357
301
22397
302
22469
303
22557
304
22706
305
22969
306
23255
307
23291
308
23327
309
23388
310
23678
311
23812
312
23899
313
23928
314
24230
315
24372
316
24664
317
24855
318
25037
319
25304
320
25562
321
25735
322
25981
323
26059
324
26176
325
26204
326
26289
327
26600
328
26824
329
26842
330
26908
331
27072
332
27142
333
27303
334
27568
335
27809
336
27936
337
28185
338
28026
339
28204
340
28276
341
28543
342
28856
343
28976
344
29254
345
29523
346
29791
347
29847
348
29903
349
30202
350
30386
351
30598
352
30925
353
30956
354
31138
355
31264
356
31424
357
31500
358
31760
359
31914
360
31956
361
32088
362
32122
363
32237
364
32555
365
32881
366
32952
367
33299
368
33564
369
33763
370
33936
371
34275
372
34371
373
34522
374
34619
375
34645
376
34701
377
34711
378
34803
379
34922
380
35266
381
35553
382
35890
383
36212
384
36524
385
36675
386
36754
387
36847
388
37087
389
37443
390
37702
391
37991
392
38101
393
38397
394
38411
395
38475
396
38737
397
38830
398
38882
399
39033
400
39336
401
39575
402
39697
403
39701
404
40079
405
40320
406
40360
407
40401
408
40660
409
40811
410
40995
411
41228
412
41264
413
41395
414
41580
415
41954
416
42247
417
42518
418
42587
419
42710
420
42955
421
43300
422
43302
423
43654
424
43905
425
43926
426
43928
427
44017
428
44151
429
44213
430
44473
431
44491
432
44809
433
45177
434
45205
435
45505
436
45716
437
45794
438
46137
439
46159
440
46403
441
46487
442
46762
443
47043
444
47280
445
47280
446
47531
447
47616
448
47912
449
48237
450
48465
451
48554
452
48801
453
49040
454
49047
455
49084
456
49346
457
49356
458
49498
459
49885
460
49967
461
50360
462
50771
463
51178
464
51530
465
51973
466
52242
467
52330
468
52397
469
52553
470
52665
471
52987
472
53241
473
53632
474
53760
475
54228
476
54621
477
55007
478
55089
479
55324
480
55578
481
55897
482
56218
483
56220
484
56278
485
56614
486
56657
487
56986
488
57337
489
57537
490
57794
491
58211
492
58331
493
58537
494
58917
495
59396
496
59578
497
59732
498
59809
499
60068
500
60384
501
60594
502
60662
503
60717
504
60827
505
61049
506
61101
507
61116
508
61225
509
61364
510
61641
511
62011
512
62470
513
62545
514
62920
515
62924
516
63345
517
63761
518
64116
519
64390
520
64476
521
64558
522
64756
523
64984
524
65279
525
65333
526
65543
527
65996
528
66223
529
66515
530
66711
531
66711
532
67187
533
67463
534
67524
535
67580
536
68044
537
68165
538
68242
539
68276
540
68554
541
68912
542
69335
543
69554
544
69984
545
70251
546
70473
547
70801
548
70931
549
70944
550
70965
551
71202
552
71312
553
71556
554
72000
555
72409
556
72708
557
72793
558
73135
559
73625
560
74007
561
77420
562
77688
563
77944
564
78503
565
78805
566
79038
567
79528
568
79672
569
80038
570
80292
571
80366
572
80645
573
80810
574
81233
575
81383
576
81870
577
82226
578
82523
579
82631
580
83201
581
83676
582
83883
583
83924
584
84185
585
84633
586
84673
587
84903
588
84941
589
85176
590
85691
591
86215
592
86698
593
86909
594
87116
595
87592
596
88099
597
88533
598
88948
599
89013
600
89245
601
89307
602
89455
603
89953
604
90206
605
90800
606
90855
607
91009
608
91375
609
91733
610
92025
611
92377
612
92634
613
93116
614
93511
615
94020
616
94369
617
94810
618
94924
619
95318
620
95366
621
95416
622
95747
623
96305
624
96575
625
97099
626
97551
627
97729
628
98092
629
98352
630
98615
631
99202
632
99534
633
99953
634
100438
635
101014
636
101422
637
101956
638
102052
639
102187
640
102473
641
102881
642
103383
643
103916
644
104193
645
104475
646
104906
647
105539
648
105619
649
106174
650
106569
651
106695
652
107314
653
107382
654
107444
655
107693
656
108323
657
108853
658
109282
659
109635
660
109773
661
109806
662
110126
663
110613
664
111090
665
111240
666
111670
667
111908
668
111962
669
112497
670
112878
671
113231
672
113534
673
113784
674
114027
675
114601
676
115128
677
115140
678
115705
679
116324
680
116917
681
117227
682
117303
683
117856
684
118238
685
118388
686
118504
687
118866
688
118895
689
119467
690
119505
691
119689
692
120302
693
120671
694
120672
695
121096
696
121623
697
122074
698
122740
699
123325
700
123652
701
124019
702
124282
703
124905
704
123307
705
123806
706
124020
707
124374
708
124941
709
125396
710
125784
711
126383
712
126812
713
127343
714
128044
715
128288
716
128721
717
129328
718
129933
719
130276
720
130572
721
130672
722
131113
723
131497
724
131497
725
131594
726
132259
727
132775
728
133464
729
133906
730
134332
731
134540
732
134845
733
135176
734
135492
735
135768
736
135954
737
136451
738
137089
739
137156
740
137468
741
137802
742
138515
743
138550
744
138768
745
139468
746
139757
747
140416
748
140994
749
141188
750
141506
751
141691
752
141986
753
142037
754
142599
755
142896
756
143056
757
143571
758
143696
759
143823
760
144123
761
144666
762
144994
763
145552
764
145753
765
146379
766
146501
767
146865
768
147289
769
147321
770
147744
771
148511
772
148888
773
149286
774
149321
775
149879
776
150253
777
150583
778
151086
779
151360
780
151845
781
151935
782
152355
783
152387
784
152542
785
152847
786
153186
787
153493
788
153579
789
154012
790
154409
791
154785
792
155074
793
155814
794
156049
795
156501
796
157110
797
157454
798
157523
799
157846
800
158213
801
158720
802
159041
803
159823
804
160003
805
160355
806
160927
807
161471
808
162118
809
162481
810
162518
811
162918
812
163359
813
163841
814
164270
815
164842
816
170537
817
171315
818
172024
819
172315
820
172630
821
172830
822
173374
823
174056
824
174462
825
174685
826
175484
827
175713
828
176196
829
176275
830
177093
831
177277
832
177668
833
178224
834
178688
835
179309
836
179697
837
180286
838
180328
839
180696
840
181022
841
181629
842
181757
843
181940
844
182652
845
182814
846
183347
847
183945
848
184062
849
184494
850
184529
851
184959
852
185579
853
186177
854
186464
855
186652
856
187469
857
187726
858
188128
859
188590
860
188922
861
189308
862
189942
863
190667
864
190760
865
191026
866
191534
867
192035
868
192890
869
193437
870
193438
871
193763
872
194084
873
194218
874
194718
875
194890
876
195195
877
195377
878
196168
879
196582
880
197192
881
198022
882
198865
883
199240
884
199799
885
200052
886
200601
887
201127
888
201607
889
201671
890
201763
891
202569
892
203040
893
203796
894
204453
895
205015
896
205119
897
205412
898
205602
899
205688
900
206537
901
206729
902
207145
903
207432
904
207759
905
207773
906
208212
907
208826
908
209027
909
192406
910
192862
911
192930
912
193549
913
193752
914
194473
915
195153
916
195176
917
195705
918
195865
919
196706
920
197271
921
197909
922
198112
923
198733
924
198902
925
199156
926
199325
927
200169
928
200338
929
200874
930
200931
931
201485
932
201789
933
202687
934
203495
935
203629
936
203930
937
204124
938
204357
939
205154
940
205262
941
205980
942
206865
943
207650
944
207683
945
208366
946
208925
947
208969
948
209297
949
210048
950
210972
951
210988
952
211497
953
211691
954
212350
955
213037
956
213510
957
214396
958
214997
959
215634
960
216136
961
216810
962
217124
963
217959
964
218596
965
218805
966
218855
967
218906
968
219328
969
219614
970
220500
971
221045
972
221143
973
221970
974
222385
975
222513
976
223088
977
223163
978
223343
979
224313
980
225165
981
225320
982
225327
983
225743
984
226114
985
226807
986
226991
987
227875
988
228496
989
249390
990
249960
991
250809
992
251682
993
252652
994
253408
995
254188
996
254891
997
255293
998
255531
999
256472
