1
69
2
193
3
30
4
4
5
3
6
3
7
4
8
3
9
4
10
6
11
4
12
5
13
5
14
5
15
5
16
5
17
5
18
7
19
6
20
7
21
7
22
6
23
6
24
6
25
7
26
9
27
8
28
8
29
8
30
12
31
8
32
8
33
12
34
64
35
10
36
12
37
10
38
11
39
11
40
11
41
12
42
12
43
14
44
12
45
15
46
14
47
14
48
14
49
15
50
16
51
19
52
16
53
16
54
16
55
16
56
21
57
18
58
21
59
20
60
19
61
22
62
21
63
22
64
61
65
22
66
22
67
27
68
24
69
25
70
27
71
25
72
24
73
26
74
26
75
26
76
29
77
27
78
29
79
29
80
29
81
30
82
30
83
33
84
31
85
32
86
32
87
33
88
33
89
34
90
117
91
37
92
35
93
36
94
37
95
38
96
38
97
40
98
39
99
39
100
40
101
45
102
43
103
43
104
43
105
45
106
188
107
44
108
128
109
45
110
47
111
51
112
48
113
50
114
50
115
48
116
50
117
94
118
50
119
51
120
52
121
55
122
57
123
55
124
57
125
57
126
57
127
60
128
59
129
59
130
65
131
64
132
62
133
63
134
64
135
66
136
108
137
68
138
207
139
70
140
70
141
276
142
75
143
74
144
104
145
76
146
80
147
78
148
79
149
194
150
79
151
177
152
84
153
83
154
82
155
84
156
83
157
88
158
90
159
88
160
87
161
88
162
91
163
93
164
198
165
94
166
95
167
101
168
157
169
97
170
100
171
99
172
102
173
101
174
102
175
107
176
106
177
106
178
107
179
111
180
111
181
145
182
112
183
223
184
119
185
121
186
246
187
121
188
122
189
122
190
122
191
124
192
197
193
175
194
128
195
129
196
127
197
128
198
167
199
202
200
131
201
133
202
134
203
136
204
194
205
181
206
137
207
304
208
141
209
194
210
153
211
142
212
148
213
190
214
149
215
150
216
183
217
309
218
217
219
158
220
155
221
158
222
160
223
163
224
169
225
172
226
165
227
195
228
166
229
198
230
174
231
172
232
177
233
171
234
173
235
175
236
179
237
182
238
182
239
201
240
182
241
182
242
182
243
187
244
187
245
188
246
190
247
487
248
318
249
199
250
197
251
200
252
199
253
214
254
240
255
301
256
241
257
211
258
284
259
393
260
322
261
397
262
224
263
452
264
381
265
367
266
241
267
226
268
343
269
235
270
235
271
237
272
232
273
239
274
234
275
393
276
242
277
240
278
243
279
247
280
254
281
331
282
408
283
268
284
275
285
272
286
255
287
264
288
263
289
263
290
335
291
266
292
269
293
282
294
279
295
271
296
277
297
276
298
278
299
285
300
351
301
307
302
284
303
289
304
285
305
289
306
293
307
294
308
296
309
302
310
297
311
326
312
324
313
295
314
299
315
421
316
397
317
315
318
309
319
374
320
361
321
309
322
391
323
312
324
322
325
317
326
320
327
327
328
470
329
323
330
403
331
471
332
462
333
334
334
379
335
349
336
348
337
343
338
479
339
345
340
469
341
344
342
368
343
491
344
547
345
554
346
367
347
387
348
378
349
425
350
488
351
368
352
423
353
376
354
393
355
433
356
376
357
379
358
416
359
456
360
510
361
612
362
390
363
413
364
434
365
395
366
393
367
439
368
399
369
519
370
551
371
409
372
405
373
544
374
439
375
412
376
682
377
480
378
417
379
424
380
576
381
672
382
462
383
518
384
624
385
466
386
431
387
458
388
539
389
469
390
452
391
616
392
494
393
565
394
518
395
462
396
458
397
546
398
617
399
454
400
715
401
482
402
490
403
471
404
493
405
532
406
626
407
582
408
526
409
472
410
486
411
585
412
489
413
619
414
487
415
528
416
515
417
578
418
501
419
500
420
525
421
528
422
552
423
615
424
500
425
555
426
568
427
663
428
545
429
742
430
521
431
562
432
571
433
538
434
647
435
532
436
543
437
545
438
563
439
547
440
571
441
685
442
552
443
578
444
824
445
563
446
789
447
580
448
619
449
589
450
611
451
591
452
577
453
669
454
807
455
580
456
854
457
677
458
613
459
590
460
612
461
608
462
791
463
725
464
600
465
607
466
608
467
605
468
668
469
614
470
697
471
623
472
820
473
624
474
707
475
644
476
751
477
668
478
666
479
670
480
864
481
702
482
713
483
650
484
677
485
907
486
685
487
659
488
676
489
756
490
695
491
827
492
717
493
676
494
696
495
723
496
698
497
687
498
700
499
689
500
690
501
738
502
783
503
699
504
887
505
704
506
764
507
705
508
800
509
719
510
730
511
748
512
778
513
737
514
726
515
787
516
804
517
794
518
804
519
772
520
773
521
771
522
823
523
832
524
783
525
756
526
796
527
825
528
881
529
823
530
819
531
791
532
796
533
920
534
963
535
781
536
782
537
810
538
825
539
804
540
811
541
889
542
827
543
803
544
852
545
812
546
909
547
838
548
816
549
834
550
884
551
868
552
847
553
953
554
885
555
866
556
908
557
873
558
922
559
852
560
871
561
998
562
937
563
896
564
921
565
892
566
870
567
908
568
1018
569
912
570
1083
571
1091
572
949
573
935
574
956
575
908
576
909
577
925
578
964
579
962
580
928
581
943
582
980
583
935
584
942
585
940
586
1092
587
948
588
950
589
999
590
1105
591
1067
592
1001
593
981
594
1234
595
978
596
1105
597
1037
598
994
599
991
600
993
601
1006
602
1000
603
993
604
1011
605
1191
606
1044
607
1114
608
1208
609
1063
610
1108
611
1030
612
1027
613
1032
614
1073
615
1037
616
1046
617
1048
618
1049
619
1099
620
1050
621
1205
622
1082
623
1115
624
1071
625
1065
626
1093
627
1216
628
1076
629
1091
630
1096
631
1090
632
1097
633
1345
634
1261
635
1215
636
1347
637
1239
638
1111
639
1123
640
1232
641
1122
642
1011
643
996
644
982
645
997
646
1001
647
1196
648
1093
649
1004
650
1156
651
1181
652
1133
653
1227
654
1041
655
1039
656
1026
657
1033
658
1035
659
1034
660
1039
661
1038
662
1050
663
1054
664
1045
665
1068
666
1054
667
1131
668
1089
669
1114
670
1133
671
1074
672
1077
673
1075
674
1083
675
1082
676
1092
677
1085
678
1136
679
1099
680
1103
681
1156
682
1101
683
1099
684
1115
685
1186
686
1194
687
1168
688
1111
689
1161
690
1123
691
1185
692
1133
693
1140
694
1176
695
1144
696
1169
697
1320
698
1152
699
1186
700
1274
701
1275
702
1166
703
1168
704
1189
705
1177
706
1183
707
1220
708
1335
709
1223
710
1194
711
1195
712
1200
713
1222
714
1205
715
1226
716
1272
717
1210
718
1229
719
1448
720
1222
721
1366
722
1229
723
1354
724
1252
725
1243
726
1240
727
1240
728
1276
729
1258
730
1295
731
1262
732
1257
733
1272
734
1333
735
1262
736
1347
737
1563
738
1301
739
1530
740
1506
741
1290
742
1383
743
1337
744
1467
745
1308
746
1429
747
1387
748
1317
749
1324
750
1339
751
1362
752
1331
753
1360
754
1335
755
1335
756
1427
757
1421
758
1357
759
1361
760
1397
761
1427
762
1793
763
1549
764
1374
765
1377
766
1412
767
1400
768
1389
769
1397
770
1406
771
1399
772
1401
773
1443
774
1408
775
1405
776
1419
777
1420
778
1426
779
1480
780
1526
781
1636
782
1512
783
1647
784
1449
785
1480
786
1477
787
1453
788
1467
789
1770
790
1477
791
1558
792
1565
793
1755
794
1478
795
1564
796
1510
797
1520
798
1539
799
1533
800
1496
801
1654
802
1575
803
1518
804
1554
805
1573
806
1515
807
1680
808
1596
809
1571
810
1761
811
1538
812
1582
813
1605
814
1561
815
1671
816
1615
817
1570
818
1579
819
1643
820
1659
821
1655
822
1738
823
1579
824
1614
825
1592
826
1688
827
1653
828
1617
829
1627
830
1617
831
1643
832
1754
833
1635
834
1637
835
1621
836
1827
837
1729
838
1718
839
1659
840
1666
841
1793
842
1658
843
1776
844
1671
845
1656
846
1676
847
1681
848
1690
849
1742
850
1674
851
1686
852
1713
853
1695
854
1707
855
1710
856
1827
857
2006
858
1788
859
1750
860
1711
861
1781
862
1784
863
1765
864
1741
865
1787
866
1795
867
1759
868
1866
869
1760
870
1762
871
1908
872
1883
873
1764
874
1804
875
1786
876
1873
877
1814
878
1807
879
1839
880
1868
881
1932
882
1849
883
1816
884
1822
885
1828
886
1849
887
1867
888
1870
889
1893
890
1841
891
1841
892
1923
893
1954
894
1884
895
1879
896
1865
897
1877
898
1877
899
2003
900
1889
901
1876
902
1906
903
2018
904
1920
905
1898
906
1905
907
1889
908
1962
909
1916
910
1924
911
1929
912
1934
913
1685
914
1711
915
1696
916
1712
917
1689
918
1691
919
1756
920
1716
921
1711
922
1704
923
1718
924
1704
925
1724
926
1913
927
1734
928
1764
929
1807
930
1744
931
1840
932
1750
933
1752
934
1765
935
1774
936
1802
937
1759
938
1815
939
1756
940
1762
941
1941
942
1807
943
1787
944
1816
945
1803
946
1819
947
1810
948
1871
949
1829
950
1898
951
1869
952
1821
953
1820
954
1906
955
1869
956
1861
957
2006
958
1904
959
1917
960
1906
961
1905
962
1893
963
1856
964
1928
965
1893
966
1928
967
1871
968
1884
969
2016
970
1920
971
1888
972
1916
973
2059
974
1941
975
1875
976
2039
977
1936
978
2091
979
2062
980
1918
981
1926
982
2002
983
1917
984
2063
985
1944
986
1918
987
1927
988
1942
989
1924
990
1953
991
1959
992
1936
993
1989
994
1943
995
2003
996
2004
997
1971
998
1967
999
1971
