1
0
2
1
3
2
4
4
5
5
6
9
7
7
8
13
9
17
10
17
11
18
12
16
13
29
14
21
15
30
16
31
17
31
18
38
19
26
20
50
21
42
22
40
23
44
24
48
25
79
26
47
27
65
28
77
29
62
30
71
31
78
32
53
33
77
34
72
35
117
36
86
37
120
38
86
39
87
40
107
41
149
42
125
43
93
44
93
45
115
46
142
47
139
48
140
49
136
50
265
51
143
52
171
53
178
54
178
55
152
56
222
57
177
58
165
59
150
60
212
61
197
62
157
63
282
64
193
65
240
66
179
67
227
68
206
69
166
70
208
71
237
72
227
73
286
74
261
75
226
76
195
77
250
78
297
79
228
80
249
81
390
82
306
83
246
84
409
85
335
86
310
87
253
88
255
89
272
90
275
91
252
92
320
93
362
94
256
95
266
96
328
97
287
98
372
99
352
100
297
101
294
102
327
103
367
104
334
105
462
106
577
107
342
108
352
109
359
110
384
111
375
112
445
113
406
114
466
115
349
116
491
117
451
118
330
119
381
120
438
121
572
122
427
123
460
124
388
125
507
126
544
127
514
128
394
129
513
130
401
131
449
132
415
133
444
134
395
135
448
136
449
137
406
138
547
139
596
140
429
141
498
142
524
143
520
144
538
145
519
146
464
147
567
148
569
149
505
150
633
151
507
152
505
153
557
154
656
155
565
156
668
157
546
158
503
159
572
160
665
161
658
162
776
163
575
164
514
165
830
166
765
167
601
168
1038
169
623
170
671
171
728
172
698
173
611
174
681
175
599
176
616
177
722
178
728
179
688
180
593
181
599
182
642
183
670
184
722
185
647
186
687
187
693
188
684
189
927
190
729
191
871
192
711
193
820
194
755
195
719
196
840
197
870
198
968
199
918
200
770
201
780
202
867
203
946
204
885
205
809
206
966
207
749
208
752
209
723
210
1060
211
840
212
685
213
924
214
823
215
934
216
748
217
1141
218
1051
219
790
220
899
221
976
222
802
223
948
224
826
225
848
226
790
227
946
228
1055
229
1040
230
927
231
1110
232
1039
233
1334
234
963
235
1041
236
967
237
923
238
882
239
1048
240
1120
241
1105
242
920
243
887
244
909
245
951
246
1013
247
988
248
983
249
1058
250
976
251
868
252
950
253
1276
254
1054
255
1262
256
984
257
896
258
1190
259
1101
260
1040
261
1144
262
1080
263
1001
264
925
265
1145
266
1217
267
1434
268
1094
269
1077
270
1218
271
1110
272
1004
273
1006
274
1202
275
1800
276
1120
277
1207
278
1098
279
1138
280
1005
281
1078
282
1033
283
972
284
1091
285
1251
286
1493
287
1263
288
2056
289
1146
290
970
291
1375
292
1449
293
1301
294
1184
295
1044
296
1200
297
1158
298
1614
299
1389
300
1656
301
1219
302
1134
303
1037
304
1021
305
1321
306
1172
307
1133
308
1430
309
1337
310
1396
311
1919
312
1224
313
1461
314
1318
315
1386
316
1423
317
1816
318
1236
319
1328
320
1293
321
1490
322
1464
323
1382
324
1386
325
1343
326
1484
327
1178
328
1571
329
1656
330
1411
331
1323
332
1646
333
1633
334
1349
335
1426
336
1760
337
1576
338
1200
339
1442
340
1333
341
1411
342
1441
343
1724
344
1546
345
1825
346
1612
347
1459
348
1996
349
1703
350
1976
351
1446
352
1253
353
1805
354
1645
355
1561
356
1293
357
1294
358
1618
359
1542
360
1575
361
1405
362
1805
363
1898
364
1611
365
2213
366
1961
367
1659
368
2038
369
1555
370
1358
371
1601
372
1688
373
1610
374
1545
375
1652
376
1618
377
1966
378
1704
379
1560
380
1496
381
1725
382
1791
383
2064
384
1539
385
1488
386
1625
387
1768
388
1533
389
1790
390
1933
391
1752
392
1865
393
1939
394
1575
395
1938
396
1681
397
1942
398
1923
399
1687
400
1711
401
1689
402
2072
403
1649
404
2026
405
1907
406
1472
407
1845
408
1583
409
1677
410
2106
411
1744
412
1943
413
1858
414
1838
415
2143
416
1536
417
1977
418
1737
419
2037
420
1922
421
1896
422
1601
423
1935
424
1779
425
1705
426
1996
427
1705
428
1766
429
1839
430
1855
431
1988
432
1944
433
2276
434
2039
435
2095
436
1981
437
2281
438
1853
439
1921
440
2078
441
1662
442
1698
443
1890
444
2118
445
2093
446
2110
447
2179
448
2095
449
1984
450
1806
451
1925
452
2738
453
1954
454
2170
455
2499
456
1843
457
1750
458
2069
459
2469
460
1891
461
1823
462
1946
463
1971
464
2378
465
2170
466
2162
467
1916
468
1926
469
2109
470
1954
471
2182
472
2499
473
1878
474
2712
475
2225
476
2478
477
2089
478
2167
479
2102
480
2197
481
2416
482
1914
483
2410
484
2114
485
2303
486
2170
487
2385
488
1877
489
2090
490
2355
491
2408
492
2333
493
2003
494
2023
495
2913
496
2416
497
2234
498
2248
499
2572
500
2495
501
2755
502
2349
503
2083
504
2590
505
2260
506
2327
507
2643
508
2464
509
2075
510
1978
511
2987
512
1891
513
2390
514
2590
515
2145
516
2100
517
2158
518
2728
519
2500
520
2518
521
2470
522
2666
523
2251
524
2415
525
2526
526
2360
527
2579
528
2004
529
2244
530
2408
531
2573
532
2246
533
2456
534
2607
535
2242
536
3159
537
2211
538
3531
539
2564
540
2814
541
2941
542
2475
543
2948
544
2407
545
2047
546
2665
547
2552
548
2563
549
2545
550
2972
551
2386
552
2685
553
2377
554
2615
555
2460
556
2855
557
2449
558
2572
559
2607
560
2319
561
2347
562
2753
563
2688
564
2411
565
2604
566
2501
567
2555
568
2313
569
2346
570
2825
571
2689
572
2549
573
2691
574
2501
575
3011
576
2689
577
2905
578
3026
579
2268
580
2988
581
3010
582
3499
583
2296
584
2832
585
2656
586
2758
587
2516
588
3326
589
2698
590
2685
591
2985
592
2857
593
2650
594
2982
595
2382
596
2629
597
3107
598
2407
599
3093
600
2571
601
2440
602
3332
603
2913
604
3250
605
2795
606
2900
607
3686
608
2531
609
3084
610
2802
611
2832
612
2975
613
2736
614
3214
615
3046
616
3316
617
2640
618
2943
619
2721
620
3486
621
3357
622
2818
623
3089
624
2560
625
2764
626
3142
627
2909
628
3034
629
2831
630
3253
631
2889
632
3222
633
3364
634
3128
635
3317
636
3232
637
2781
638
2887
639
3300
640
3971
641
3284
642
2929
643
3026
644
2712
645
3048
646
3031
647
3178
648
3439
649
2712
650
2916
651
3030
652
2979
653
3397
654
3168
655
3724
656
3149
657
2818
658
3056
659
3435
660
2856
661
3795
662
2822
663
3138
664
3352
665
3269
666
2864
667
2947
668
3372
669
3096
670
2797
671
3334
672
3325
673
3402
674
3506
675
3275
676
3395
677
3608
678
2939
679
2819
680
3248
681
3212
682
3138
683
3581
684
3422
685
3479
686
2616
687
2962
688
3542
689
4147
690
2850
691
2915
692
3741
693
3734
694
3149
695
3171
696
2982
697
3244
698
2942
699
3283
700
2808
701
3220
702
3515
703
3399
704
3999
705
3588
706
3238
707
3357
708
3560
709
3066
710
3428
711
3450
712
3322
713
3249
714
4337
715
3273
716
3546
717
2995
718
3393
719
3425
720
3852
721
3393
722
3353
723
3608
724
2797
725
3601
726
3018
727
3570
728
3745
729
3629
730
3698
731
3181
732
4236
733
3270
734
3364
735
3600
736
4015
737
3145
738
3629
739
3427
740
3516
741
4013
742
3269
743
2941
744
4037
745
3593
746
3976
747
3653
748
3365
749
3373
750
2981
751
4589
752
4143
753
3623
754
3401
755
3946
756
4048
757
3623
758
3576
759
4367
760
3417
761
3347
762
4076
763
3985
764
3679
765
3317
766
3783
767
3492
768
3024
769
3614
770
3317
771
4353
772
3342
773
3476
774
3494
775
4272
776
3340
777
4160
778
3357
779
3897
780
3804
781
3927
782
3847
783
3825
784
3537
785
3229
786
4272
787
4367
788
3455
789
3704
790
3772
791
3947
792
3740
793
4050
794
3902
795
3320
796
4105
797
4018
798
3673
799
3682
800
3933
801
3442
802
4214
803
4106
804
3760
805
3901
806
4693
807
3995
808
3481
809
4079
810
3844
811
4206
812
4222
813
4012
814
3533
815
4259
816
4029
817
3875
818
4957
819
3573
820
4712
821
3286
822
4577
823
4382
824
4187
825
4005
826
5018
827
3742
828
3609
829
4381
830
3343
831
3613
832
4280
833
3424
834
3315
835
5074
836
3931
837
3621
838
4504
839
3470
840
4447
841
3549
842
4797
843
4336
844
3877
845
3935
846
5219
847
3978
848
3484
849
4721
850
4708
851
4127
852
3966
853
3951
854
4381
855
3707
856
4232
857
3599
858
4221
859
4655
860
3992
861
3916
862
5226
863
4692
864
4175
865
4307
866
3922
867
4576
868
5075
869
4646
870
4151
871
3750
872
3880
873
4747
874
4888
875
3913
876
4539
877
3649
878
3995
879
4366
880
5023
881
3801
882
4234
883
3896
884
4658
885
4679
886
4065
887
4715
888
4323
889
3534
890
4150
891
4346
892
4149
893
4459
894
3968
895
4770
896
5918
897
4003
898
3755
899
4215
900
4405
901
4073
902
4420
903
4034
904
4578
905
3710
906
4313
907
3749
908
3915
909
4286
910
4390
911
4389
912
4043
913
5013
914
4115
915
4643
916
4607
917
4240
918
4118
919
4388
920
4342
921
4590
922
5452
923
4583
924
4716
925
4868
926
4300
927
5237
928
4401
929
4174
930
5197
931
4458
932
4355
933
4541
934
4664
935
4269
936
4251
937
3756
938
4289
939
4653
940
4239
941
4804
942
4761
943
4303
944
4567
945
4571
946
4348
947
4220
948
4240
949
5250
950
4099
951
4208
952
6234
953
4595
954
4452
955
5443
956
4067
957
4791
958
5505
959
4796
960
4239
961
4512
962
4812
963
4648
964
4956
965
4848
966
3821
967
5536
968
4921
969
6090
970
4894
971
4851
972
5927
973
4294
974
5065
975
4031
976
3937
977
5081
978
5363
979
4618
980
4607
981
4422
982
3911
983
4975
984
4294
985
4933
986
5024
987
5496
988
4238
989
4399
990
4837
991
4519
992
4720
993
4240
994
4224
995
5028
996
4446
997
5047
998
4614
999
4814
