1
0
2
0
3
1
4
3
5
6
6
10
7
15
8
21
9
28
10
36
11
45
12
55
13
66
14
78
15
91
16
105
17
120
18
136
19
153
20
1
21
1
22
210
23
231
24
253
25
276
26
300
27
325
28
351
29
378
30
406
31
435
32
465
33
496
34
528
35
561
36
595
37
630
38
666
39
703
40
741
41
780
42
820
43
861
44
903
45
946
46
990
47
1035
48
1081
49
1128
50
1176
51
1225
52
1275
53
1326
54
1378
55
1431
56
1
57
1
58
1
59
1
60
1
61
1
62
1
63
1
64
1
65
1
66
1
67
1
68
1
69
1
70
1
71
1
72
1
73
1
74
1
75
1
76
1
77
1
78
1
79
1
80
1
81
1
82
1
83
1
84
1
85
1
86
1
87
1
88
1
89
1
90
1
91
1
92
1
93
1
94
1
95
1
96
1
97
1
98
1
99
1
100
1
101
1
102
1
103
1
104
1
105
1
106
1
107
1
108
1
109
1
110
1
111
1
112
1
113
1
114
1
115
1
116
1
117
1
118
1
119
1
120
1
121
1
122
1
123
1
124
1
125
1
126
1
127
1
128
1
129
1
130
1
131
1
132
1
133
1
134
1
135
1
136
1
137
1
138
1
139
1
140
1
141
1
142
1
143
1
144
1
145
1
146
1
147
1
148
1
149
1
150
1
151
1
152
1
153
1
154
1
155
1
156
1
157
1
158
1
159
1
160
1
161
1
162
1
163
1
164
1
165
1
166
1
167
1
168
1
169
1
170
1
171
1
172
1
173
1
174
1
175
1
176
1
177
1
178
1
179
1
180
1
181
1
182
1
183
1
184
1
185
1
186
1
187
1
188
1
189
1
190
1
191
1
192
1
193
1
194
1
195
1
196
1
197
1
198
1
199
1
200
1
201
1
202
1
203
1
204
1
205
1
206
1
207
1
208
1
209
1
210
1
211
1
212
1
213
1
214
1
215
1
216
1
217
1
218
1
219
1
220
1
221
1
222
1
223
1
224
1
225
1
226
1
227
1
228
1
229
1
230
1
231
1
232
1
233
1
234
1
235
1
236
1
237
1
238
1
239
1
240
1
241
1
242
1
243
1
244
1
245
1
246
1
247
1
248
1
249
1
250
1
251
1
252
1
253
1
254
1
255
1
256
1
257
1
258
1
259
1
260
1
261
1
262
1
263
1
264
1
265
1
266
1
267
1
268
1
269
1
270
1
271
1
272
1
273
1
274
1
275
1
276
1
277
1
278
1
279
1
280
1
281
1
282
1
283
1
284
1
285
1
286
1
287
1
288
1
289
1
290
1
291
1
292
1
293
1
294
1
295
1
296
1
297
43365
298
43660
299
43956
300
44253
301
44551
302
44850
303
45150
304
45451
305
45753
306
46056
307
46360
308
46665
309
46971
310
47278
311
47586
312
47895
313
48205
314
48516
315
48828
316
49141
317
49455
318
49455
319
49770
320
50086
321
50403
322
50721
323
51040
324
51360
325
51681
326
52003
327
52326
328
52650
329
52975
330
53301
331
53628
332
53956
333
54285
334
54615
335
54946
336
55278
337
55611
338
55945
339
56280
340
56616
341
56953
342
57291
343
57630
344
57970
345
58311
346
58653
347
58996
348
59340
349
59685
350
60031
351
60378
352
60726
353
61075
354
61425
355
61776
356
62128
357
62481
358
62835
359
63190
360
63546
361
63903
362
64261
363
64620
364
64980
365
65341
366
65703
367
66066
368
66430
369
66430
370
66795
371
67161
372
67528
373
67896
374
68265
375
68635
376
69006
377
69378
378
69751
379
70125
380
70500
381
70876
382
71253
383
71631
384
72010
385
72390
386
72771
387
73153
388
73536
389
73920
390
74305
391
74691
392
75078
393
75466
394
75855
395
76245
396
76245
397
76636
398
77028
399
77421
400
77815
401
78210
402
78606
403
79003
404
79401
405
79800
406
80200
407
80601
408
81003
409
81406
410
81810
411
82215
412
82621
413
83028
414
83436
415
83845
416
84255
417
84666
418
85078
419
85491
420
85905
421
86320
422
86736
423
87153
424
87571
425
87990
426
88410
427
88831
428
89253
429
89676
430
90100
431
90525
432
90951
433
90951
434
91378
435
91806
436
92235
437
92665
438
93096
439
93528
440
93961
441
94395
442
94830
443
95266
444
95703
445
96141
446
96580
447
97020
448
97461
449
97903
450
98346
451
98790
452
99235
453
99681
454
100128
455
100576
456
101025
457
101475
458
101926
459
102378
460
102831
461
103285
462
103740
463
104196
464
104653
465
105111
466
105570
467
106030
468
106491
469
106953
470
107416
471
107880
472
108345
473
108811
474
109278
475
109746
476
110215
477
110685
478
111156
479
111628
480
112101
481
112575
482
113050
483
113526
484
114003
485
114481
486
114960
487
115440
488
115921
489
116403
490
116886
491
117370
492
117855
493
118341
494
118828
495
119316
496
119805
497
120295
498
120786
499
121278
500
121771
501
122265
502
122760
503
123256
504
123753
505
124251
506
124750
507
125250
508
125751
509
126253
510
126756
511
127260
512
127765
513
128271
514
128778
515
129286
516
129795
517
130305
518
130816
519
131328
520
131841
521
132355
522
132870
523
133386
524
133903
525
134421
526
134940
527
135460
528
135981
529
136503
530
137026
531
137550
532
138075
533
138601
534
139128
535
139656
536
140185
537
140715
538
140715
539
141246
540
141778
541
142311
542
142845
543
143380
544
143916
545
144453
546
144991
547
145530
548
146070
549
146611
550
147153
551
147696
552
148240
553
148785
554
149331
555
149878
556
150426
557
150975
558
151525
559
152076
560
152628
561
153181
562
153735
563
154290
564
154846
565
155403
566
155961
567
156520
568
157080
569
157641
570
158203
571
158766
572
159330
573
159895
574
162165
575
162735
576
163306
577
163878
578
164451
579
165025
580
165600
581
166176
582
166753
583
166753
584
167331
585
167910
586
168490
587
169071
588
169653
589
170236
590
170820
591
171405
592
171991
593
172578
594
173166
595
173755
596
174345
597
174936
598
175528
599
176121
600
176715
601
177310
602
177906
603
178503
604
179101
605
179700
606
180300
607
180901
608
181503
609
182106
610
182710
611
183315
612
183921
613
184528
614
185136
615
185745
616
186355
617
186966
618
187578
619
188191
620
188805
621
189420
622
190036
623
190653
624
191271
625
191890
626
192510
627
193131
628
193753
629
194376
630
195000
631
195625
632
196251
633
196878
634
197506
635
198135
636
198765
637
199396
638
200028
639
200661
640
201295
641
201930
642
202566
643
203203
644
203841
645
204480
646
205120
647
205761
648
206403
649
207046
650
207690
651
208335
652
208981
653
209628
654
210276
655
210925
656
211575
657
212226
658
212878
659
213531
660
214185
661
214840
662
213531
663
214185
664
214840
665
215496
666
216153
667
216811
668
217470
669
218130
670
218791
671
219453
672
220116
673
220780
674
221445
675
222111
676
222778
677
223446
678
224115
679
224785
680
225456
681
226128
682
226801
683
227475
684
227475
685
228150
686
228826
687
229503
688
230181
689
230860
690
231540
691
232221
692
232903
693
233586
694
234270
695
234955
696
235641
697
236328
698
237016
699
237705
700
238395
701
239086
702
239778
703
240471
704
241165
705
241860
706
242556
707
243253
708
243951
709
244650
710
245350
711
246051
712
246753
713
247456
714
248160
715
248865
716
249571
717
250278
718
250986
719
251695
720
252405
721
253116
722
253828
723
254541
724
255255
725
255970
726
256686
727
257403
728
258121
729
258840
730
259560
731
260281
732
261003
733
261726
734
262450
735
263175
736
263901
737
267546
738
268278
739
269011
740
269745
741
270480
742
271216
743
271953
744
272691
745
273430
746
274170
747
274911
748
275653
749
276396
750
277140
751
277885
752
278631
753
279378
754
280126
755
280875
756
281625
757
282376
758
283128
759
283881
760
284635
761
285390
762
286146
763
286903
764
287661
765
288420
766
289180
767
289941
768
290703
769
291466
770
292230
771
292995
772
293761
773
294528
774
295296
775
296065
776
296835
777
297606
778
298378
779
299151
780
299925
781
300700
782
301476
783
302253
784
303031
785
303810
786
304590
787
305371
788
306153
789
306936
790
307720
791
308505
792
309291
793
310078
794
310866
795
311655
796
312445
797
313236
798
314028
799
313236
800
314028
801
314821
802
315615
803
316410
804
317206
805
318003
806
318801
807
319600
808
320400
809
321201
810
322003
811
322806
812
323610
813
324415
814
325221
815
326028
816
326836
817
327645
818
328455
819
329266
820
330078
821
330891
822
331705
823
332520
824
333336
825
334153
826
334971
827
335790
828
336610
829
337431
830
338253
831
339076
832
339900
833
340725
834
341551
835
342378
836
343206
837
344035
838
344865
839
345696
840
346528
841
347361
842
348195
843
349030
844
349866
845
350703
846
351541
847
352380
848
353220
849
354061
850
354061
851
354903
852
355746
853
356590
854
357435
855
358281
856
359128
857
359976
858
360825
859
361675
860
362526
861
363378
862
364231
863
364231
864
365085
865
365940
866
366796
867
367653
868
368511
869
369370
870
370230
871
371091
872
371953
873
372816
874
373680
875
374545
876
375411
877
376278
878
377146
879
378015
880
378885
881
379756
882
380628
883
381501
884
382375
885
383250
886
384126
887
385003
888
385881
889
386760
890
387640
891
388521
892
389403
893
390286
894
391170
895
392055
896
392941
897
393828
898
396495
899
397386
900
398278
901
399171
902
400065
903
400960
904
401856
905
402753
906
403651
907
404550
908
405450
909
406351
910
407253
911
408156
912
409060
913
409965
914
410871
915
411778
916
412686
917
413595
918
414505
919
415416
920
416328
921
417241
922
418155
923
419070
924
419986
925
420903
926
421821
927
422740
928
423660
929
424581
930
425503
931
426426
932
427350
933
428275
934
429201
935
430128
936
431056
937
431985
938
432915
939
433846
940
434778
941
438516
942
439453
943
440391
944
441330
945
442270
946
443211
947
444153
948
445096
949
446040
950
446985
951
447931
952
448878
953
449826
954
450775
955
451725
956
452676
957
453628
958
454581
959
455535
960
456490
961
457446
962
458403
963
459361
964
460320
965
461280
966
462241
967
463203
968
464166
969
465130
970
466095
971
467061
972
468028
973
468996
974
469965
975
470935
976
471906
977
472878
978
473851
979
463203
980
464166
981
465130
982
466095
983
467061
984
468028
985
468996
986
469965
987
470935
988
471906
989
472878
990
473851
991
474825
992
475800
993
476776
994
477753
995
478731
996
479710
997
480690
998
481671
999
482653
