1
0
2
1
3
3
4
6
5
10
6
15
7
21
8
28
9
36
10
45
11
55
12
66
13
78
14
91
15
105
16
120
17
136
18
153
19
171
20
19
21
20
22
21
23
22
24
23
25
24
26
25
27
26
28
27
29
28
30
29
31
30
32
31
33
32
34
33
35
34
36
35
37
36
38
37
39
38
40
39
41
40
42
41
43
42
44
43
45
44
46
45
47
46
48
47
49
48
50
49
51
50
52
51
53
52
54
53
55
54
56
55
57
56
58
57
59
58
60
59
61
60
62
61
63
62
64
63
65
64
66
65
67
66
68
67
69
68
70
69
71
70
72
71
73
72
74
73
75
74
76
75
77
76
78
77
79
78
80
79
81
80
82
81
83
82
84
83
85
84
86
85
87
86
88
87
89
88
90
89
91
90
92
91
93
92
94
93
95
94
96
95
97
96
98
97
99
98
100
99
101
100
102
101
103
102
104
103
105
104
106
105
107
106
108
107
109
108
110
109
111
110
112
111
113
112
114
113
115
114
116
115
117
116
118
117
119
118
120
7021
121
7140
122
7260
123
7381
124
7503
125
7626
126
7750
127
7875
128
8001
129
8128
130
8256
131
8385
132
8515
133
8646
134
8778
135
8911
136
9045
137
9180
138
9316
139
9453
140
9591
141
9730
142
9870
143
10011
144
10153
145
10296
146
10440
147
10585
148
10731
149
10878
150
11026
151
11175
152
11325
153
11476
154
11628
155
11781
156
11935
157
12090
158
12246
159
12403
160
12561
161
12720
162
12880
163
13041
164
13203
165
13366
166
13530
167
13695
168
13861
169
14028
170
14196
171
14365
172
14535
173
14706
174
14878
175
15051
176
15225
177
15400
178
15576
179
15753
180
15931
181
16110
182
16290
183
16471
184
16653
185
16836
186
17020
187
17205
188
17391
189
17578
190
17766
191
17955
192
18145
193
18336
194
18528
195
18721
196
18915
197
19110
198
19306
199
19503
200
19701
201
19900
202
20100
203
20301
204
20503
205
20706
206
20910
207
21115
208
21321
209
21528
210
21736
211
21945
212
22155
213
22366
214
22578
215
22791
216
23005
217
23220
218
23436
219
23653
220
23871
221
24090
222
24310
223
24531
224
24753
225
24976
226
25200
227
25425
228
25651
229
25878
230
26106
231
26335
232
26565
233
26796
234
27028
235
27261
236
27495
237
27730
238
27731
239
27967
240
28204
241
28442
242
28681
243
28921
244
29162
245
29404
246
29647
247
29891
248
30136
249
30382
250
30629
251
30877
252
31126
253
31376
254
31627
255
31879
256
32132
257
32386
258
32641
259
32897
260
33154
261
33412
262
33671
263
33931
264
34192
265
34454
266
34717
267
34981
268
35246
269
35512
270
35513
271
35780
272
36048
273
36317
274
36587
275
36858
276
37130
277
37403
278
37677
279
37952
280
38228
281
38505
282
38783
283
39062
284
39342
285
39623
286
39905
287
40188
288
40472
289
40757
290
41043
291
41330
292
41618
293
41907
294
42197
295
42488
296
42780
297
43073
298
43367
299
43662
300
43958
301
44255
302
44553
303
44852
304
45152
305
45453
306
45755
307
46058
308
46362
309
46667
310
46973
311
47280
312
47588
313
47897
314
48207
315
48518
316
48830
317
49143
318
49457
319
49772
320
50088
321
50405
322
50723
323
51042
324
51362
325
51683
326
52005
327
52328
328
52652
329
52977
330
53303
331
53630
332
53958
333
54287
334
54617
335
54948
336
55280
337
55613
338
55947
339
56282
340
56618
341
56955
342
57293
343
57632
344
57972
345
58313
346
58655
347
58656
348
58999
349
59343
350
59688
351
60034
352
60381
353
60729
354
61078
355
61428
356
61779
357
62131
358
62484
359
63903
360
64261
361
64620
362
64980
363
65341
364
65703
365
66066
366
66430
367
66795
368
67161
369
67528
370
67896
371
68265
372
68635
373
69006
374
69378
375
69379
376
69752
377
70126
378
70501
379
70877
380
71254
381
71632
382
72011
383
72391
384
72772
385
73154
386
73537
387
73921
388
74306
389
74692
390
75079
391
75467
392
75856
393
76246
394
76637
395
77029
396
77422
397
77816
398
78211
399
78607
400
79004
401
79402
402
79801
403
80201
404
80602
405
81004
406
81407
407
81811
408
82216
409
82622
410
83029
411
83437
412
83846
413
84256
414
84667
415
85079
416
85492
417
85906
418
86321
419
86737
420
87154
421
87572
422
87991
423
88411
424
88832
425
89254
426
89677
427
90101
428
90526
429
90952
430
91379
431
91807
432
92236
433
92666
434
93097
435
93529
436
93962
437
94396
438
94831
439
95267
440
95704
441
96142
442
96581
443
97021
444
97462
445
97904
446
98347
447
98791
448
99236
449
99682
450
100129
451
100577
452
101026
453
101476
454
101927
455
102379
456
102832
457
103286
458
103741
459
104197
460
104654
461
105112
462
105571
463
106031
464
106492
465
106954
466
107417
467
107881
468
108346
469
108812
470
109279
471
109747
472
110216
473
110686
474
111157
475
111629
476
112102
477
112576
478
113051
479
113527
480
114004
481
114482
482
114961
483
115441
484
115922
485
116404
486
113059
487
113535
488
114012
489
114490
490
114969
491
115449
492
115930
493
116412
494
116895
495
117379
496
117864
497
118350
498
118837
499
119325
500
119814
501
120304
502
120795
503
121287
504
121780
505
122274
506
122769
507
123265
508
123762
509
124260
510
124759
511
125259
512
125760
513
126262
514
126765
515
127269
516
127774
517
128280
518
128787
519
129295
520
129804
521
130314
522
130825
523
131337
524
131850
525
132364
526
132879
527
133395
528
133912
529
134430
530
134949
531
135469
532
135990
533
136512
534
137035
535
137559
536
138084
537
138610
538
139137
539
139665
540
140194
541
140724
542
141255
543
141787
544
142320
545
142854
546
143389
547
143925
548
144462
549
145000
550
145539
551
146079
552
146620
553
147162
554
147705
555
148249
556
148794
557
149340
558
149887
559
150435
560
150984
561
151534
562
152085
563
152637
564
153190
565
153744
566
154299
567
154855
568
155412
569
155970
570
156529
571
157089
572
157650
573
158212
574
158775
575
159339
576
159904
577
160470
578
161037
579
161605
580
162174
581
162744
582
163315
583
163316
584
163888
585
164461
586
165035
587
165610
588
166186
589
170240
590
170824
591
171409
592
171995
593
172582
594
173170
595
173759
596
174349
597
174940
598
175532
599
176125
600
176719
601
177314
602
177910
603
178507
604
179105
605
179704
606
180304
607
180905
608
181507
609
182110
610
182714
611
183319
612
183925
613
184532
614
185140
615
185749
616
186359
617
186970
618
187582
619
188195
620
188809
621
189424
622
190040
623
190657
624
191275
625
191894
626
192514
627
193135
628
193757
629
194380
630
195004
631
195629
632
196255
633
196882
634
197510
635
198139
636
198769
637
199400
638
200032
639
200665
640
201299
641
201934
642
202570
643
203207
644
203845
645
204484
646
205124
647
205765
648
206407
649
207050
650
207694
651
208339
652
208985
653
209632
654
210280
655
210929
656
211579
657
212230
658
212882
659
213535
660
214189
661
214844
662
215500
663
216157
664
216815
665
217474
666
218134
667
218795
668
219457
669
220120
670
220784
671
221449
672
222115
673
222782
674
223450
675
224119
676
224789
677
225460
678
226132
679
226805
680
227479
681
228154
682
228830
683
229507
684
230185
685
230864
686
231544
687
232225
688
232907
689
233590
690
234274
691
234959
692
235645
693
236332
694
237020
695
237709
696
238399
697
239090
698
239782
699
240475
700
241169
701
241864
702
242560
703
243257
704
243955
705
244654
706
245354
707
246055
708
246757
709
247460
710
248164
711
248869
712
249575
713
250282
714
250990
715
251699
716
252409
717
253120
718
253832
719
254545
720
255259
721
255974
722
256690
723
257407
724
258125
725
258844
726
259564
727
260285
728
261007
729
261730
730
262454
731
263179
732
263905
733
264632
734
267547
735
268279
736
269012
737
269746
738
270481
739
271217
740
271954
741
272692
742
273431
743
274171
744
274912
745
275654
746
276397
747
277141
748
277886
749
278632
750
279379
751
280127
752
280876
753
281626
754
282377
755
283129
756
283882
757
284636
758
285391
759
286147
760
286904
761
287662
762
288421
763
289181
764
289942
765
290704
766
291467
767
292231
768
292996
769
293762
770
294529
771
295297
772
296066
773
296836
774
297607
775
298379
776
299152
777
299926
778
300701
779
301477
780
302254
781
303032
782
303811
783
304591
784
305372
785
306154
786
306937
787
307721
788
308506
789
303818
790
304598
791
305379
792
306161
793
306944
794
307728
795
308513
796
309299
797
310086
798
310874
799
310875
800
311664
801
312454
802
313245
803
314037
804
314830
805
315624
806
316419
807
317215
808
318012
809
318810
810
319609
811
320409
812
321210
813
322012
814
322815
815
323619
816
324424
817
325230
818
326037
819
326845
820
327654
821
328464
822
329275
823
330087
824
330900
825
331714
826
332529
827
333345
828
334162
829
334163
830
334981
831
335800
832
336620
833
337441
834
338263
835
339086
836
339910
837
340735
838
341561
839
342388
840
343216
841
349034
842
349870
843
350707
844
351545
845
352384
846
353224
847
354065
848
354907
849
355750
850
356594
851
357439
852
358285
853
359132
854
359980
855
360829
856
361679
857
362530
858
363382
859
364235
860
365089
861
365944
862
366800
863
367657
864
368515
865
369374
866
370234
867
371095
868
371957
869
372820
870
373684
871
374549
872
375415
873
376282
874
377150
875
378019
876
378889
877
379760
878
380632
879
381505
880
382379
881
383254
882
384130
883
385007
884
385885
885
386764
886
387644
887
388525
888
387646
889
388527
890
389409
891
390292
892
391176
893
392061
894
392947
895
393834
896
394722
897
395611
898
396501
899
397392
900
398284
901
399177
902
400071
903
400966
904
401862
905
402759
906
403657
907
404556
908
405456
909
406357
910
407259
911
408162
912
409066
913
409971
914
410877
915
411784
916
412692
917
413601
918
414511
919
415422
920
416334
921
417247
922
418161
923
419076
924
419992
925
420909
926
421827
927
422746
928
423666
929
424587
930
425509
931
426432
932
427356
933
428281
934
424592
935
425514
936
426437
937
427361
938
428286
939
429212
940
430139
941
431067
942
431996
943
432926
944
433857
945
434789
946
435722
947
436656
948
437591
949
438527
950
439464
951
440402
952
441341
953
442281
954
443222
955
444164
956
445107
957
446051
958
446996
959
447942
960
448889
961
449837
962
450786
963
451736
964
452687
965
453639
966
454592
967
455546
968
456501
969
457457
970
458414
971
459372
972
460331
973
461291
974
462252
975
463214
976
464177
977
465141
978
473854
979
474828
980
475803
981
476779
982
477756
983
478734
984
479713
985
480693
986
481674
987
482656
988
483639
989
484623
990
485608
991
486594
992
487581
993
488569
994
489558
995
490548
996
491539
997
492531
998
493524
999
494518
