1
0
2
1
3
3
4
6
5
10
6
15
7
21
8
28
9
36
10
45
11
55
12
66
13
78
14
91
15
105
16
120
17
136
18
153
19
171
20
189
21
209
22
230
23
252
24
275
25
299
26
324
27
350
28
377
29
405
30
434
31
464
32
495
33
527
34
560
35
594
36
629
37
665
38
702
39
740
40
778
41
818
42
859
43
901
44
944
45
988
46
1033
47
1079
48
1126
49
1174
50
1223
51
1273
52
1324
53
1376
54
1429
55
1483
56
1538
57
1594
58
1651
59
1709
60
1767
61
1827
62
1888
63
1950
64
2013
65
2077
66
2142
67
2208
68
2275
69
2343
70
2412
71
2482
72
2553
73
2625
74
2698
75
2772
76
2847
77
2923
78
3000
79
3078
80
3156
81
3236
82
3317
83
3399
84
3482
85
3566
86
3651
87
3737
88
3824
89
3912
90
4001
91
4091
92
4182
93
4274
94
4367
95
4461
96
4556
97
4652
98
4749
99
4847
100
4945
101
5045
102
5146
103
5248
104
5351
105
5455
106
5560
107
5666
108
5773
109
5881
110
5990
111
6100
112
6211
113
6323
114
6436
115
6550
116
6665
117
6781
118
6898
119
7016
120
7134
121
7254
122
7375
123
7497
124
7620
125
7744
126
7869
127
7995
128
8122
129
8250
130
8379
131
8509
132
8640
133
8772
134
8905
135
9039
136
9174
137
9310
138
9447
139
9585
140
9723
141
9863
142
10004
143
10146
144
10289
145
10433
146
10578
147
10724
148
10871
149
11019
150
11168
151
11318
152
11469
153
11621
154
11774
155
11928
156
12083
157
12239
158
12396
159
12554
160
12712
161
12872
162
13033
163
13195
164
13358
165
13522
166
13687
167
13853
168
14020
169
14188
170
14357
171
14527
172
14698
173
14870
174
15043
175
15217
176
15392
177
15568
178
15745
179
15923
180
16101
181
16281
182
16462
183
16644
184
16827
185
17011
186
17196
187
17382
188
17569
189
17757
190
17946
191
18136
192
18327
193
18519
194
18712
195
18906
196
19101
197
19297
198
19494
199
19692
200
19890
201
20090
202
20291
203
20493
204
20696
205
20900
206
21105
207
21311
208
21518
209
21726
210
21935
211
22145
212
22356
213
22568
214
22781
215
22995
216
23210
217
23426
218
23643
219
23861
220
24079
221
24299
222
24520
223
24742
224
24965
225
25189
226
25414
227
25640
228
25867
229
26095
230
26324
231
26554
232
26785
233
27017
234
27250
235
27484
236
27719
237
27955
238
28192
239
28430
240
28668
241
28908
242
29149
243
29391
244
29634
245
29878
246
30123
247
30369
248
30616
249
30864
250
31113
251
31363
252
31614
253
31866
254
32119
255
32373
256
32628
257
32884
258
33141
259
33399
260
33657
261
33917
262
34178
263
34440
264
34703
265
34967
266
35232
267
35498
268
35765
269
36033
270
36302
271
36572
272
36843
273
37115
274
37388
275
37662
276
37937
277
38213
278
38490
279
38768
280
39046
281
39326
282
39607
283
39889
284
40172
285
40456
286
40741
287
41027
288
41314
289
41602
290
41891
291
42181
292
42472
293
42764
294
43057
295
43351
296
43646
297
43942
298
44239
299
44537
300
44835
301
45135
302
45436
303
45738
304
46041
305
46345
306
46650
307
46956
308
47263
309
47571
310
47880
311
48190
312
48501
313
48813
314
49126
315
49440
316
49755
317
50071
318
50388
319
50706
320
51024
321
51344
322
51665
323
51987
324
52310
325
52634
326
52959
327
53285
328
53612
329
53940
330
54269
331
54599
332
54930
333
55262
334
55595
335
55929
336
56264
337
56600
338
56937
339
57275
340
57613
341
57953
342
58294
343
58636
344
58979
345
59323
346
59668
347
60014
348
60361
349
60709
350
61058
351
61408
352
61759
353
62111
354
62464
355
62818
356
63173
357
63529
358
63886
359
64244
360
64602
361
64962
362
65323
363
65685
364
66048
365
66412
366
66777
367
67143
368
67510
369
67878
370
68247
371
68617
372
68988
373
69360
374
69733
375
70107
376
70482
377
70858
378
71235
379
71613
380
71991
381
72371
382
72752
383
73134
384
73517
385
73901
386
74286
387
74672
388
75059
389
75447
390
75836
391
76226
392
76617
393
77009
394
77402
395
77796
396
78191
397
78587
398
78984
399
79382
400
79780
401
80180
402
80581
403
80983
404
81386
405
81790
406
82195
407
82601
408
83008
409
83416
410
83825
411
84235
412
84646
413
85058
414
85471
415
85885
416
86300
417
86716
418
87133
419
87551
420
87969
421
88389
422
88810
423
89232
424
89655
425
90079
426
90504
427
90930
428
91357
429
91785
430
92214
431
92644
432
93075
433
93507
434
93940
435
94374
436
94809
437
95245
438
95682
439
96120
440
96558
441
96998
442
97439
443
97881
444
98324
445
98768
446
99213
447
99659
448
100106
449
100554
450
101003
451
101453
452
101904
453
102356
454
102809
455
103263
456
103718
457
104174
458
104631
459
105089
460
105547
461
106007
462
106468
463
106930
464
107393
465
107857
466
108322
467
108788
468
109255
469
109723
470
110192
471
110662
472
111133
473
111605
474
112078
475
112552
476
113027
477
113503
478
113980
479
114458
480
114936
481
115416
482
115897
483
116379
484
116862
485
117346
486
117831
487
118317
488
118804
489
119292
490
119781
491
120271
492
120762
493
121254
494
121747
495
122241
496
122736
497
123232
498
123729
499
124227
500
124725
501
125225
502
125726
503
126228
504
126731
505
127235
506
127740
507
128246
508
128753
509
129261
510
129770
511
130280
512
130791
513
131303
514
131816
515
132330
516
132845
517
133361
518
133878
519
134396
520
134914
521
135434
522
135955
523
136477
524
137000
525
137524
526
138049
527
138575
528
139102
529
139630
530
140159
531
140689
532
141220
533
141752
534
142285
535
142819
536
143354
537
143890
538
144427
539
144965
540
145503
541
146043
542
146584
543
147126
544
147669
545
148213
546
148758
547
149304
548
149851
549
150399
550
150948
551
151498
552
152049
553
152601
554
153154
555
153708
556
154263
557
154819
558
155376
559
155934
560
156492
561
157052
562
157613
563
158175
564
158738
565
159302
566
159867
567
160433
568
161000
569
161568
570
162137
571
162707
572
163278
573
163850
574
164423
575
164997
576
165572
577
166148
578
166725
579
167303
580
167881
581
168461
582
169042
583
169624
584
170207
585
170791
586
171376
587
171962
588
172549
589
173137
590
173726
591
174316
592
174907
593
175499
594
176092
595
176686
596
177281
597
177877
598
178474
599
179072
600
179670
601
180270
602
180871
603
181473
604
182076
605
182680
606
183285
607
183891
608
184498
609
185106
610
185715
611
186325
612
186936
613
187548
614
188161
615
188775
616
189390
617
190006
618
190623
619
191241
620
191859
621
192479
622
193100
623
193722
624
194345
625
194969
626
195594
627
196220
628
196847
629
197475
630
198104
631
198734
632
199365
633
199997
634
200630
635
201264
636
201899
637
202535
638
203172
639
203810
640
204448
641
205088
642
205729
643
206371
644
207014
645
207658
646
208303
647
208949
648
209596
649
210244
650
210893
651
211543
652
212194
653
212846
654
213499
655
214153
656
214808
657
215464
658
216121
659
216779
660
217437
661
218097
662
218758
663
219420
664
220083
665
220747
666
221412
667
222078
668
222745
669
223413
670
224082
671
224752
672
225423
673
226095
674
226768
675
227442
676
228117
677
228793
678
229470
679
230148
680
230826
681
231506
682
232187
683
232869
684
233552
685
234236
686
234921
687
235607
688
236294
689
236982
690
237671
691
238361
692
239052
693
239744
694
240437
695
241131
696
241826
697
242522
698
243219
699
243917
700
244615
701
245315
702
246016
703
246718
704
247421
705
248125
706
248830
707
249536
708
250243
709
250951
710
251660
711
252370
712
253081
713
253793
714
254506
715
255220
716
255935
717
256651
718
257368
719
258086
720
258804
721
259524
722
260245
723
260967
724
261690
725
262414
726
263139
727
263865
728
264592
729
265320
730
266049
731
266779
732
267510
733
268242
734
268975
735
269709
736
270444
737
271180
738
271917
739
272655
740
273393
741
274133
742
274874
743
275616
744
276359
745
277103
746
277848
747
278594
748
279341
749
280089
750
280838
751
281588
752
282339
753
283091
754
283844
755
284598
756
285353
757
286109
758
286866
759
287624
760
288382
761
289142
762
289903
763
290665
764
291428
765
292192
766
292957
767
293723
768
294490
769
295258
770
296027
771
296797
772
297568
773
298340
774
299113
775
299887
776
300662
777
301438
778
302215
779
302993
780
303771
781
304551
782
305332
783
306114
784
306897
785
307681
786
308466
787
309252
788
310039
789
310827
790
311616
791
312406
792
313197
793
313989
794
314782
795
315576
796
316371
797
317167
798
317964
799
318762
800
319560
801
320360
802
321161
803
321963
804
322766
805
323570
806
324375
807
325181
808
325988
809
326796
810
327605
811
328415
812
329226
813
330038
814
330851
815
331665
816
332480
817
333296
818
334113
819
334931
820
335749
821
336569
822
337390
823
338212
824
339035
825
339859
826
340684
827
341510
828
342337
829
343165
830
343994
831
344824
832
345655
833
346487
834
347320
835
348154
836
348989
837
349825
838
350662
839
351500
840
352338
841
353178
842
354019
843
354861
844
355704
845
356548
846
357393
847
358239
848
359086
849
359934
850
360783
851
361633
852
362484
853
363336
854
364189
855
365043
856
365898
857
366754
858
367611
859
368469
860
369327
861
370187
862
371048
863
371910
864
372773
865
373637
866
374502
867
375368
868
376235
869
377103
870
377972
871
378842
872
379713
873
380585
874
381458
875
382332
876
383207
877
384083
878
384960
879
385838
880
386716
881
387596
882
388477
883
389359
884
390242
885
391126
886
392011
887
392897
888
393784
889
394672
890
395561
891
396451
892
397342
893
398234
894
399127
895
400021
896
400916
897
401812
898
402709
899
403607
900
404505
901
405405
902
406306
903
407208
904
408111
905
409015
906
409920
907
410826
908
411733
909
412641
910
413550
911
414460
912
415371
913
416283
914
417196
915
418110
916
419025
917
419941
918
420858
919
421776
920
422694
921
423614
922
424535
923
425457
924
426380
925
427304
926
428229
927
429155
928
430082
929
431010
930
431939
931
432869
932
433800
933
434732
934
435665
935
436599
936
437534
937
438470
938
439407
939
440345
940
441283
941
442223
942
443164
943
444106
944
445049
945
445993
946
446938
947
447884
948
448831
949
449779
950
450728
951
451678
952
452629
953
453581
954
454534
955
455488
956
456443
957
457399
958
458356
959
459314
960
460272
961
461232
962
462193
963
463155
964
464118
965
465082
966
466047
967
467013
968
467980
969
468948
970
469917
971
470887
972
471858
973
472830
974
473803
975
474777
976
475752
977
476728
978
477705
979
478683
980
479661
981
480641
982
481622
983
482604
984
483587
985
484571
986
485556
987
486542
988
487529
989
488517
990
489506
991
490496
992
491487
993
492479
994
493472
995
494466
996
495461
997
496457
998
497454
999
498452
