1
2
2
3
3
2
4
4
5
3
6
3
7
4
8
3
9
3
10
3
11
5
12
3
13
3
14
4
15
4
16
4
17
3
18
3
19
4
20
5
21
5
22
5
23
5
24
4
25
5
26
7
27
5
28
7
29
7
30
7
31
7
32
7
33
8
34
8
35
8
36
8
37
10
38
13
39
10
40
10
41
10
42
11
43
12
44
11
45
13
46
12
47
13
48
13
49
14
50
14
51
284
52
15
53
15
54
17
55
16
56
18
57
18
58
18
59
20
60
20
61
19
62
21
63
111
64
23
65
22
66
24
67
73
68
24
69
26
70
25
71
26
72
26
73
26
74
58
75
28
76
30
77
31
78
32
79
32
80
31
81
33
82
34
83
37
84
35
85
36
86
37
87
36
88
39
89
39
90
40
91
82
92
42
93
46
94
46
95
44
96
48
97
47
98
49
99
47
100
50
101
157
102
50
103
52
104
53
105
53
106
132
107
56
108
58
109
58
110
61
111
59
112
61
113
66
114
62
115
67
116
74
117
132
118
68
119
68
120
74
121
197
122
71
123
71
124
76
125
102
126
263
127
283
128
80
129
81
130
83
131
84
132
544
133
236
134
87
135
89
136
93
137
96
138
90
139
92
140
138
141
94
142
95
143
99
144
101
145
181
146
206
147
240
148
107
149
105
150
110
151
110
152
116
153
117
154
428
155
113
156
115
157
118
158
119
159
136
160
221
161
192
162
189
163
385
164
141
165
318
166
131
167
265
168
136
169
193
170
152
171
137
172
139
173
143
174
144
175
365
176
214
177
147
178
149
179
166
180
181
181
191
182
153
183
203
184
161
185
224
186
171
187
164
188
166
189
169
190
169
191
244
192
173
193
262
194
177
195
222
196
180
197
191
198
210
199
756
200
256
201
195
202
196
203
222
204
425
205
303
206
682
207
270
208
210
209
406
210
207
211
211
212
255
213
212
214
212
215
262
216
323
217
334
218
396
219
227
220
274
221
227
222
246
223
341
224
240
225
234
226
242
227
502
228
247
229
241
230
250
231
289
232
266
233
253
234
251
235
261
236
260
237
260
238
262
239
458
240
266
241
276
242
271
243
273
244
613
245
275
246
285
247
284
248
285
249
287
250
291
251
427
252
293
253
341
254
301
255
302
256
303
257
307
258
306
259
320
260
360
261
318
262
349
263
331
264
385
265
343
266
390
267
328
268
394
269
334
270
427
271
338
272
344
273
343
274
402
275
354
276
348
277
393
278
363
279
361
280
402
281
376
282
365
283
370
284
369
285
374
286
450
287
386
288
381
289
389
290
386
291
386
292
391
293
418
294
415
295
399
296
434
297
407
298
427
299
432
300
569
301
425
302
535
303
480
304
448
305
549
306
431
307
482
308
440
309
441
310
539
311
762
312
517
313
539
314
501
315
500
316
458
317
529
318
462
319
466
320
600
321
473
322
503
323
505
324
485
325
486
326
545
327
494
328
497
329
688
330
560
331
505
332
570
333
507
334
576
335
515
336
566
337
529
338
572
339
1211
340
1137
341
845
342
1420
343
537
344
575
345
735
346
561
347
571
348
578
349
601
350
647
351
644
352
653
353
570
354
672
355
578
356
682
357
585
358
894
359
776
360
592
361
665
362
654
363
709
364
610
365
898
366
613
367
617
368
737
369
621
370
631
371
677
372
859
373
720
374
637
375
667
376
735
377
767
378
683
379
709
380
747
381
680
382
740
383
711
384
678
385
696
386
701
387
732
388
821
389
758
390
739
391
1075
392
720
393
1053
394
725
395
759
396
822
397
800
398
850
399
807
400
829
401
780
402
801
403
801
404
754
405
754
406
751
407
815
408
1619
409
789
410
811
411
943
412
820
413
804
414
796
415
976
416
864
417
817
418
822
419
856
420
887
421
871
422
873
423
833
424
1152
425
937
426
894
427
866
428
886
429
858
430
1059
431
891
432
940
433
905
434
920
435
903
436
2709
437
977
438
993
439
898
440
953
441
909
442
921
443
945
444
1042
445
927
446
1108
447
949
448
956
449
1279
450
2186
451
1548
452
978
453
979
454
1178
455
998
456
1095
457
2956
458
1118
459
1104
460
1113
461
1014
462
995
463
2174
464
3063
465
1110
466
1028
467
1023
468
1103
469
1071
470
1066
471
1163
472
1036
473
1167
474
1233
475
1081
476
1093
477
1175
478
1114
479
3251
480
1099
481
1114
482
1167
483
1112
484
1218
485
1216
486
1380
487
1302
488
1273
489
1174
490
1243
491
1133
492
1188
493
1296
494
1188
495
1132
496
1457
497
1202
498
2510
499
1177
500
1274
501
1269
502
1251
503
1222
504
1391
505
1339
506
1200
507
1392
508
1288
509
2796
510
1212
511
1434
512
1438
513
1560
514
1283
515
1358
516
1257
517
1235
518
1350
519
2751
520
1265
521
1302
522
1433
523
1293
524
1368
525
1302
526
1314
527
1365
528
1329
529
2759
530
1385
531
1440
532
1409
533
1354
534
1759
535
2617
536
1426
537
1377
538
1363
539
1569
540
1410
541
1401
542
1430
543
1433
544
1560
545
1626
546
1496
547
1674
548
2424
549
1423
550
1621
551
1466
552
1578
553
1616
554
1700
555
1555
556
1741
557
1684
558
1727
559
1530
560
1521
561
3039
562
1583
563
3139
564
1902
565
1883
566
1599
567
2117
568
1717
569
1736
570
1630
571
2478
572
1633
573
1523
574
1677
575
1880
576
1528
577
1923
578
1772
579
1760
580
1701
581
1569
582
1719
583
1712
584
1666
585
1897
586
4682
587
1613
588
1673
589
1781
590
1712
591
1743
592
1641
593
1762
594
1698
595
3495
596
1841
597
1898
598
1840
599
1978
600
1711
601
1706
602
1693
603
2033
604
1821
605
2017
606
1856
607
1812
608
3101
609
2046
610
1746
611
1811
612
1963
613
1743
614
1840
615
1931
616
1903
617
1829
618
2033
619
2093
620
3415
621
1777
622
1837
623
2079
624
1990
625
1881
626
1833
627
2089
628
1907
629
2832
630
3105
631
2102
632
2022
633
2028
634
1890
635
2241
636
2192
637
2025
638
3706
639
2191
640
2496
641
2767
642
1917
643
1917
644
2062
645
2123
646
2557
647
5368
648
2228
649
2234
650
2042
651
2120
652
3813
653
3927
654
2216
655
2217
656
2213
657
5184
658
2059
659
2537
660
2037
661
2474
662
2377
663
2524
664
2113
665
3400
666
2420
667
2150
668
2062
669
2880
670
2410
671
2206
672
3139
673
2282
674
5108
675
2392
676
2219
677
2111
678
2455
679
2337
680
2465
681
2531
682
2298
683
2351
684
2722
685
2500
686
2169
687
2297
688
2336
689
2634
690
2388
691
2383
692
2647
693
2681
694
2404
695
2420
696
2583
697
2281
698
2350
699
2666
700
2558
701
2343
702
2409
703
4797
704
3266
705
2570
706
2439
707
7196
708
2556
709
2396
710
2719
711
2449
712
2534
713
2386
714
2619
715
4896
716
4776
717
2439
718
2629
719
4017
720
2597
721
2449
722
2573
723
2531
724
2675
725
2439
726
2411
727
2571
728
2487
729
2526
730
2584
731
2574
732
2553
733
2898
734
2538
735
2603
736
2864
737
2694
738
2742
739
2763
740
2826
741
2659
742
2824
743
2747
744
3070
745
2656
746
2682
747
2898
748
2774
749
4841
750
2949
751
2775
752
2752
753
2866
754
2982
755
2815
756
2830
757
2816
758
2827
759
2705
760
2797
761
2896
762
2802
763
2879
764
2964
765
2907
766
3000
767
4756
768
2826
769
4217
770
2957
771
3072
772
4091
773
2831
774
2754
775
2878
776
3056
777
3093
778
3138
779
4119
780
2935
781
2983
782
4525
783
2956
784
3026
785
2980
786
3023
787
2989
788
3170
789
3183
790
2880
791
2915
792
3195
793
3248
794
4731
795
3053
796
2932
797
3134
798
2975
799
3222
800
3019
801
3065
802
4672
803
3081
804
3267
805
3146
806
4590
807
3051
808
3196
809
3217
810
3296
811
3221
812
3332
813
3064
814
3330
815
3209
816
3239
817
3199
818
3429
819
3240
820
3472
821
3091
822
3883
823
3345
824
3350
825
3360
826
3630
827
3306
828
3473
829
3553
830
3382
831
3460
832
3378
833
3339
834
3594
835
3405
836
3479
837
3355
838
3795
839
3831
840
3503
841
3433
842
3948
843
3805
844
3676
845
3526
846
3728
847
3734
848
3512
849
3535
850
3594
851
3641
852
3800
853
5970
854
3381
855
4962
856
4278
857
3551
858
6362
859
5114
860
3399
861
3728
862
3504
863
3783
864
3902
865
3826
866
3610
867
5892
868
3858
869
3552
870
3905
871
3682
872
3737
873
3986
874
3923
875
3714
876
3924
877
3571
878
3867
879
5904
880
5528
881
3818
882
3772
883
3875
884
3799
885
3622
886
3779
887
3673
888
3787
889
3768
890
3867
891
3880
892
3938
893
3817
894
3844
895
3813
896
3920
897
3860
898
6321
899
3844
900
4034
901
4092
902
3738
903
3931
904
4044
905
4195
906
4125
907
4145
908
4152
909
3997
910
5296
911
4235
912
4072
913
4057
914
3962
915
4071
916
3899
917
4052
918
4557
919
4302
920
4355
921
4516
922
4332
923
4094
924
4039
925
4102
926
4314
927
4147
928
4055
929
4379
930
7386
931
7541
932
4588
933
4329
934
4456
935
4424
936
4262
937
4110
938
10137
939
8197
940
7713
941
4219
942
4356
943
9573
944
5111
945
4321
946
4395
947
4309
948
4523
949
4561
950
7959
951
4306
952
4287
953
4268
954
8824
955
4488
956
6143
957
4673
958
5868
959
4545
960
4809
961
4662
962
4543
963
4252
964
4508
965
4417
966
4451
967
4587
968
4738
969
4501
970
4414
971
4642
972
7081
973
4663
974
4784
975
4690
976
7132
977
7994
978
7580
979
4604
980
4702
981
4650
982
5796
983
4740
984
4798
985
4684
986
4664
987
4884
988
4772
989
4592
990
4790
991
4816
992
4740
993
4896
994
4885
995
4847
996
4763
997
8134
998
7039
999
6898
