1
0
2
1
3
3
4
3
5
5
6
6
7
8
8
17
9
14
10
15
11
17
12
20
13
21
14
33
15
26
16
31
17
39
18
29
19
36
20
51
21
60
22
39
23
37
24
54
25
50
26
75
27
63
28
52
29
109
30
87
31
59
32
84
33
86
34
75
35
79
36
73
37
76
38
87
39
169
40
111
41
104
42
183
43
109
44
142
45
102
46
169
47
116
48
134
49
125
50
129
51
218
52
149
53
184
54
148
55
193
56
152
57
167
58
185
59
159
60
228
61
191
62
206
63
192
64
226
65
155
66
258
67
202
68
187
69
230
70
239
71
211
72
240
73
227
74
283
75
248
76
251
77
243
78
204
79
325
80
253
81
244
82
265
83
212
84
260
85
260
86
322
87
266
88
249
89
279
90
271
91
337
92
244
93
286
94
286
95
298
96
378
97
341
98
306
99
377
100
339
101
396
102
333
103
356
104
300
105
345
106
286
107
414
108
361
109
412
110
333
111
442
112
315
113
400
114
360
115
371
116
513
117
390
118
357
119
331
120
473
121
360
122
465
123
516
124
370
125
513
126
551
127
469
128
485
129
413
130
461
131
416
132
464
133
464
134
401
135
507
136
564
137
607
138
574
139
449
140
424
141
534
142
514
143
471
144
504
145
459
146
546
147
690
148
462
149
465
150
525
151
721
152
852
153
638
154
562
155
485
156
607
157
745
158
543
159
662
160
583
161
629
162
647
163
716
164
577
165
517
166
827
167
536
168
518
169
658
170
580
171
773
172
702
173
636
174
775
175
768
176
821
177
616
178
626
179
711
180
722
181
677
182
1063
183
558
184
772
185
919
186
728
187
822
188
1021
189
810
190
871
191
967
192
598
193
997
194
671
195
998
196
710
197
680
198
705
199
893
200
966
201
822
202
727
203
833
204
737
205
831
206
853
207
825
208
742
209
847
210
752
211
1031
212
898
213
838
214
844
215
961
216
876
217
885
218
978
219
804
220
745
221
978
222
973
223
1119
224
1089
225
899
226
1202
227
809
228
893
229
774
230
984
231
752
232
1179
233
1000
234
1128
235
1043
236
842
237
1095
238
896
239
1325
240
957
241
1166
242
1055
243
1129
244
1072
245
984
246
964
247
846
248
1057
249
885
250
1177
251
822
252
1227
253
1053
254
1060
255
1299
256
1167
257
1054
258
1775
259
942
260
1045
261
1285
262
855
263
1233
264
1173
265
1246
266
1075
267
1122
268
1550
269
1156
270
999
271
1093
272
986
273
1212
274
1534
275
1312
276
1135
277
1005
278
1127
279
1300
280
1119
281
1146
282
1381
283
1200
284
1122
285
1175
286
1087
287
1442
288
1244
289
1188
290
1219
291
1292
292
1358
293
1807
294
960
295
1726
296
1348
297
1359
298
1355
299
1281
300
1115
301
1051
302
1247
303
1254
304
1194
305
1462
306
1316
307
1519
308
1324
309
1313
310
1260
311
1644
312
1475
313
1621
314
1454
315
1256
316
1658
317
1240
318
1387
319
1781
320
1374
321
1577
322
1431
323
1326
324
1418
325
1296
326
1338
327
1246
328
1477
329
1714
330
1654
331
1465
332
1432
333
1441
334
1521
335
1552
336
1433
337
1438
338
1451
339
1609
340
1615
341
1389
342
1498
343
1563
344
1543
345
1664
346
1694
347
1589
348
1662
349
1409
350
1414
351
1442
352
1432
353
1575
354
1577
355
1650
356
1479
357
1395
358
1297
359
1613
360
1519
361
1878
362
1517
363
1654
364
2038
365
1581
366
2159
367
1783
368
2011
369
1744
370
1519
371
1420
372
1673
373
1621
374
1950
375
1505
376
1429
377
1586
378
1533
379
2019
380
1626
381
1569
382
1774
383
1871
384
1475
385
1481
386
1577
387
1639
388
1413
389
1381
390
1805
391
2170
392
2118
393
1782
394
1650
395
2254
396
1615
397
1668
398
1876
399
1853
400
1758
401
2204
402
1873
403
1743
404
2174
405
1800
406
1676
407
1673
408
1732
409
2180
410
1791
411
1765
412
1954
413
2153
414
1946
415
1617
416
2061
417
1891
418
1840
419
2076
420
1791
421
1974
422
2215
423
1746
424
1942
425
1767
426
2232
427
2330
428
2789
429
1635
430
1669
431
1970
432
2050
433
2572
434
2244
435
1746
436
2082
437
2383
438
1962
439
1931
440
1710
441
2642
442
1793
443
1877
444
1929
445
2241
446
1806
447
2131
448
1836
449
2322
450
2132
451
2520
452
2803
453
1850
454
1687
455
1722
456
2603
457
1704
458
1908
459
2453
460
2635
461
2314
462
2202
463
1989
464
2231
465
2130
466
2069
467
2539
468
1888
469
2223
470
2551
471
2175
472
2422
473
2303
474
2281
475
2698
476
1902
477
2178
478
2186
479
2605
480
2058
481
2143
482
2217
483
2580
484
2141
485
2215
486
2306
487
2051
488
2713
489
2145
490
2309
491
2554
492
2122
493
2456
494
2312
495
2195
496
1890
497
2766
498
2098
499
2262
500
2299
501
2266
502
2342
503
2117
504
2495
505
2491
506
2554
507
2389
508
2397
509
2221
510
2108
511
2602
512
2184
513
2529
514
2694
515
2297
516
2267
517
2682
518
2192
519
2730
520
2363
521
2421
522
2090
523
2111
524
2713
525
2436
526
3140
527
2276
528
2517
529
2401
530
2479
531
2122
532
2214
533
2764
534
2285
535
2518
536
2943
537
2317
538
1830
539
2644
540
2802
541
2276
542
2616
543
2327
544
2102
545
2769
546
2242
547
2721
548
2283
549
2317
550
2507
551
2137
552
2811
553
2750
554
2492
555
2777
556
2388
557
2647
558
2678
559
2984
560
2537
561
2326
562
2814
563
2109
564
2848
565
2909
566
2404
567
2574
568
2454
569
2698
570
2856
571
2847
572
2498
573
2957
574
3093
575
3542
576
3138
577
2964
578
2778
579
2748
580
3514
581
2514
582
2498
583
3243
584
3016
585
2636
586
2789
587
2837
588
2326
589
2693
590
2857
591
3072
592
2901
593
2615
594
2862
595
3055
596
2765
597
2632
598
2646
599
2929
600
2988
601
2791
602
2730
603
2724
604
2614
605
2429
606
2624
607
2559
608
2482
609
2520
610
3039
611
3093
612
3246
613
2828
614
3378
615
3890
616
2684
617
2974
618
3055
619
2918
620
3743
621
3116
622
3015
623
3077
624
2822
625
4107
626
2557
627
3163
628
3624
629
3811
630
2880
631
3387
632
2791
633
2669
634
2813
635
2786
636
2598
637
2563
638
3004
639
2802
640
3029
641
2847
642
3148
643
2755
644
3446
645
2532
646
3573
647
2936
648
2889
649
2878
650
3548
651
2867
652
2984
653
3861
654
2493
655
3530
656
3176
657
2687
658
2855
659
3190
660
2926
661
3010
662
2985
663
3401
664
3076
665
2946
666
2944
667
2852
668
3453
669
3439
670
3012
671
2692
672
3448
673
3719
674
2672
675
2714
676
2976
677
3015
678
2781
679
2475
680
3036
681
3842
682
3120
683
3062
684
3481
685
3752
686
3255
687
2898
688
3205
689
4071
690
3258
691
4407
692
2536
693
3085
694
2996
695
3240
696
2923
697
3742
698
3151
699
3572
700
3602
701
3049
702
3005
703
3248
704
3421
705
2694
706
3097
707
3678
708
3191
709
3433
710
3421
711
3370
712
3251
713
2963
714
3222
715
3542
716
3182
717
2793
718
3224
719
4288
720
4352
721
4107
722
3361
723
3649
724
3184
725
3036
726
3187
727
3205
728
3363
729
2965
730
3263
731
3801
732
3619
733
3634
734
4732
735
3682
736
3523
737
3552
738
4257
739
3521
740
3879
741
3491
742
3692
743
3376
744
3074
745
2953
746
3818
747
3489
748
3392
749
3217
750
3223
751
3756
752
3765
753
3484
754
2896
755
3482
756
3097
757
3880
758
3742
759
3828
760
3880
761
3304
762
4006
763
4261
764
3274
765
3576
766
3176
767
3633
768
4109
769
3794
770
4405
771
3518
772
3923
773
3541
774
3036
775
3872
776
3945
777
3781
778
3709
779
3296
780
3867
781
3895
782
3608
783
4002
784
4166
785
3880
786
3840
787
4230
788
3203
789
4297
790
3293
791
3499
792
3107
793
3744
794
4711
795
3772
796
3512
797
3216
798
3560
799
3492
800
4419
801
3587
802
3706
803
4185
804
4474
805
4098
806
3468
807
3918
808
3982
809
4597
810
4037
811
4067
812
4623
813
5473
814
4857
815
3321
816
3526
817
4011
818
4040
819
3761
820
4275
821
3616
822
4253
823
3225
824
3709
825
3642
826
3750
827
3774
828
3045
829
4423
830
4361
831
3781
832
3236
833
3455
834
4136
835
3593
836
3523
837
3676
838
3675
839
3810
840
3939
841
3791
842
4873
843
4086
844
4233
845
4925
846
3777
847
4243
848
4002
849
3682
850
4035
851
4649
852
4133
853
3680
854
3763
855
3691
856
3545
857
3670
858
3924
859
3671
860
3893
861
3725
862
4527
863
4192
864
3576
865
3745
866
3984
867
3808
868
4049
869
3551
870
4857
871
5441
872
4493
873
3889
874
3371
875
4014
876
3836
877
4539
878
3301
879
5320
880
4673
881
3255
882
4485
883
3445
884
4298
885
4416
886
4213
887
3895
888
4208
889
4268
890
4070
891
4711
892
4403
893
4651
894
6048
895
3735
896
4144
897
5630
898
4675
899
4674
900
3822
901
4397
902
4528
903
4018
904
4303
905
4981
906
4067
907
3517
908
4124
909
4213
910
4422
911
4687
912
4539
913
4659
914
4404
915
4924
916
4420
917
4897
918
4428
919
4429
920
4847
921
4443
922
3792
923
3702
924
4276
925
4379
926
4240
927
4534
928
4304
929
4912
930
4122
931
4000
932
5187
933
4250
934
3906
935
5053
936
5170
937
4789
938
4523
939
5530
940
4649
941
4314
942
5155
943
5168
944
4257
945
4182
946
4241
947
4016
948
5648
949
5092
950
4477
951
5350
952
4627
953
4653
954
4897
955
5569
956
5018
957
4991
958
4623
959
4027
960
4180
961
4427
962
5312
963
4550
964
4548
965
4212
966
4370
967
5087
968
4056
969
5462
970
4817
971
3916
972
5143
973
5250
974
5189
975
4117
976
4993
977
4388
978
4814
979
4962
980
4454
981
4401
982
4447
983
4727
984
4552
985
5592
986
5696
987
5652
988
4975
989
5034
990
4424
991
4347
992
4713
993
6142
994
4144
995
4465
996
5005
997
4973
998
4778
999
4696
