1
3
2
12
3
2
4
3
5
3
6
4
7
4
8
5
9
4
10
5
11
7
12
5
13
9
14
7
15
10
16
9
17
10
18
11
19
14
20
7
21
6
22
6
23
7
24
7
25
8
26
10
27
9
28
8
29
9
30
11
31
14
32
10
33
12
34
11
35
11
36
13
37
13
38
13
39
13
40
13
41
13
42
14
43
16
44
16
45
16
46
17
47
17
48
17
49
17
50
18
51
20
52
19
53
21
54
20
55
20
56
21
57
22
58
23
59
22
60
24
61
24
62
26
63
25
64
27
65
29
66
28
67
30
68
29
69
30
70
30
71
32
72
171
73
33
74
35
75
34
76
34
77
36
78
36
79
42
80
38
81
39
82
39
83
41
84
45
85
42
86
42
87
43
88
45
89
46
90
47
91
52
92
50
93
50
94
56
95
52
96
52
97
56
98
54
99
55
100
57
101
56
102
61
103
60
104
62
105
65
106
62
107
64
108
204
109
64
110
66
111
71
112
143
113
69
114
71
115
76
116
73
117
77
118
75
119
77
120
80
121
79
122
86
123
88
124
361
125
329
126
345
127
348
128
383
129
354
130
398
131
367
132
381
133
415
134
380
135
574
136
390
137
489
138
553
139
425
140
671
141
525
142
425
143
606
144
443
145
481
146
580
147
460
148
455
149
627
150
475
151
623
152
491
153
581
154
502
155
573
156
548
157
553
158
581
159
614
160
559
161
624
162
606
163
567
164
660
165
575
166
607
167
613
168
734
169
779
170
636
171
644
172
648
173
697
174
731
175
739
176
698
177
717
178
775
179
681
180
715
181
707
182
712
183
702
184
735
185
756
186
749
187
743
188
773
189
754
190
807
191
779
192
808
193
860
194
791
195
836
196
836
197
816
198
846
199
848
200
859
201
836
202
941
203
877
204
887
205
903
206
880
207
947
208
924
209
1039
210
1013
211
961
212
956
213
980
214
989
215
987
216
993
217
1114
218
1053
219
1025
220
1071
221
1038
222
1083
223
1063
224
1075
225
1125
226
1209
227
1093
228
1268
229
1115
230
1130
231
1130
232
1297
233
1179
234
1153
235
1205
236
1184
237
1333
238
1316
239
1248
240
1226
241
1275
242
1304
243
1297
244
1265
245
1285
246
1280
247
1346
248
1329
249
1310
250
1305
251
1353
252
1392
253
1395
254
1375
255
1534
256
1423
257
1392
258
1517
259
1494
260
1508
261
1445
262
1445
263
1538
264
1527
265
1495
266
1632
267
1569
268
1547
269
1531
270
1553
271
1560
272
1571
273
1581
274
1578
275
1603
276
1600
277
1693
278
1630
279
1637
280
1686
281
1659
282
1698
283
1709
284
1737
285
1744
286
1784
287
1761
288
1781
289
1770
290
1780
291
1896
292
1834
293
1821
294
1837
295
1835
296
1861
297
1874
298
1920
299
2005
300
1933
301
1963
302
1947
303
1949
304
1952
305
1990
306
1971
307
2104
308
2004
309
2109
310
2039
311
2068
312
2062
313
2093
314
2130
315
2151
316
2125
317
2228
318
2138
319
2160
320
2204
321
2159
322
2207
323
2204
324
2272
325
2266
326
2236
327
2254
328
2312
329
2260
330
2295
331
2310
332
2387
333
2334
334
2334
335
2377
336
2668
337
2390
338
2428
339
2403
340
2409
341
2438
342
2478
343
2494
344
2500
345
2524
346
2515
347
2502
348
2663
349
2575
350
2543
351
2594
352
2733
353
2663
354
2676
355
2641
356
2671
357
2702
358
2701
359
2762
360
2709
361
2756
362
2733
363
2745
364
2800
365
2805
366
2827
367
2834
368
2808
369
2832
370
2837
371
2891
372
2868
373
2937
374
2925
375
2972
376
2955
377
2966
378
2956
379
2994
380
2985
381
3278
382
3058
383
3032
384
3200
385
3096
386
3165
387
3246
388
3146
389
3186
390
3204
391
3191
392
3186
393
3209
394
3219
395
3203
396
3269
397
3309
398
3302
399
3335
400
3281
401
3371
402
3366
403
3408
404
3414
405
3424
406
3476
407
3534
408
3508
409
3491
410
3461
411
3488
412
3528
413
3516
414
3546
415
3570
416
3589
417
3590
418
3630
419
3692
420
3663
421
3653
422
3729
423
3807
424
3752
425
3717
426
3777
427
3765
428
3842
429
3777
430
3837
431
3873
432
3948
433
3916
434
3981
435
3946
436
4009
437
4009
438
4016
439
3974
440
4009
441
4064
442
4025
443
4092
444
4156
445
4166
446
4161
447
4131
448
4322
449
4203
450
4187
451
4224
452
4337
453
4368
454
4278
455
4256
456
4299
457
4366
458
4384
459
4408
460
4415
461
4438
462
4449
463
4528
464
4551
465
4542
466
4508
467
4538
468
4548
469
4624
470
4746
471
4722
472
4656
473
4710
474
4759
475
4734
476
4718
477
4785
478
4788
479
4829
480
4829
481
4872
482
4908
483
4901
484
5019
485
4891
486
4931
487
5000
488
4927
489
5016
490
5042
491
5076
492
5025
493
5034
494
5095
495
5089
496
5124
497
5177
498
5191
499
5172
500
5198
501
5292
502
5289
503
5415
504
5383
505
5338
506
5374
507
5333
508
5371
509
5499
510
5407
511
5467
512
5588
513
5531
514
5606
515
5615
516
5562
517
5630
518
5592
519
5651
520
5697
521
5693
522
5737
523
5707
524
5717
525
5858
526
5881
527
5826
528
5827
529
5784
530
5844
531
5869
532
5886
533
5916
534
5968
535
6018
536
6060
537
6070
538
6109
539
6243
540
6183
541
6105
542
6170
543
6134
544
6163
545
6242
546
6251
547
6275
548
6219
549
6300
550
6420
551
6340
552
6426
553
6443
554
6425
555
6416
556
6487
557
6465
558
6524
559
6627
560
6555
561
6457
562
6627
563
6578
564
6678
565
6748
566
6726
567
6747
568
6764
569
6772
570
6841
571
6821
572
6817
573
7026
574
6916
575
6997
576
7126
577
6928
578
6979
579
6972
580
7121
581
7167
582
7119
583
7147
584
7205
585
7236
586
7261
587
7236
588
7350
589
7326
590
7232
591
7295
592
7355
593
7359
594
7461
595
7671
596
7568
597
7465
598
7523
599
7523
600
7687
601
7661
602
7643
603
7713
604
7679
605
7876
606
7772
607
7799
608
7959
609
8077
610
7841
611
7904
612
7955
613
7915
614
8068
615
8011
616
7926
617
8053
618
8095
619
8131
620
8125
621
8219
622
8110
623
8102
624
8179
625
8264
626
8209
627
8311
628
8387
629
8439
630
8510
631
8433
632
8540
633
8562
634
8516
635
8631
636
8506
637
8629
638
8761
639
8738
640
8757
641
8666
642
8706
643
8902
644
8846
645
8842
646
8786
647
8861
648
8951
649
8854
650
8971
651
8985
652
8911
653
9053
654
8968
655
9048
656
9195
657
9139
658
9156
659
9090
660
9331
661
9277
662
9311
663
9192
664
9401
665
9494
666
9408
667
9389
668
9527
669
9531
670
9488
671
9497
672
9595
673
9592
674
9631
675
9602
676
9667
677
9677
678
9573
679
9689
680
9797
681
9757
682
9748
683
9737
684
9843
685
10022
686
9930
687
9937
688
10014
689
10124
690
10120
691
10233
692
10216
693
10249
694
10167
695
10127
696
10425
697
10281
698
10453
699
10290
700
10339
701
10406
702
10430
703
10362
704
10522
705
10482
706
10542
707
10551
708
10707
709
10708
710
10638
711
10753
712
10723
713
10736
714
10758
715
10894
716
10945
717
11108
718
11092
719
10949
720
11046
721
11175
722
11098
723
11129
724
11178
725
11305
726
11258
727
11394
728
11269
729
11232
730
11414
731
11397
732
11195
733
11374
734
11426
735
11459
736
11497
737
11361
738
11586
739
11559
740
11581
741
11546
742
11567
743
11564
744
11575
745
11588
746
11712
747
11757
748
11690
749
11756
750
11933
751
11829
752
11783
753
11880
754
11954
755
11930
756
11957
757
11932
758
11963
759
12085
760
11950
761
12080
762
12038
763
12057
764
12153
765
12142
766
12390
767
12203
768
12349
769
12327
770
12491
771
12538
772
12471
773
12354
774
12324
775
12519
776
12573
777
12539
778
12571
779
12581
780
12714
781
12725
782
12959
783
12830
784
12738
785
12764
786
12755
787
12724
788
12760
789
13002
790
13178
791
13099
792
13149
793
13293
794
13190
795
13288
796
13128
797
13200
798
13376
799
13332
800
13394
801
13410
802
13439
803
13438
804
13693
805
13672
806
13491
807
13579
808
13625
809
13589
810
13774
811
13645
812
13687
813
13795
814
13791
815
13699
816
13778
817
14021
818
13938
819
13985
820
14131
821
14136
822
14135
823
13993
824
14027
825
14112
826
14066
827
14055
828
14074
829
14242
830
14044
831
14014
832
14338
833
14560
834
14344
835
14529
836
14426
837
14474
838
14442
839
14573
840
14544
841
14654
842
14693
843
14707
844
14783
845
14879
846
14772
847
14924
848
14698
849
14999
850
14886
851
14858
852
14918
853
15047
854
15006
855
15068
856
15186
857
15338
858
15294
859
15378
860
15269
861
15373
862
15459
863
15691
864
15790
865
15958
866
15918
867
15847
868
15841
869
15967
870
15795
871
15810
872
15873
873
15867
874
16097
875
16083
876
16132
877
16134
878
16279
879
16126
880
16435
881
16297
882
16469
883
16513
884
16638
885
17220
886
16861
887
16810
888
16945
889
16848
890
16841
891
16888
892
16853
893
17036
894
17251
895
17057
896
17174
897
17050
898
17269
899
17213
900
16859
901
17062
902
17080
903
17039
904
16971
905
17257
906
17181
907
17574
908
17537
909
17622
910
17606
911
17445
912
17641
913
17575
914
17708
915
17912
916
17500
917
17596
918
17675
919
17743
920
17872
921
17748
922
17847
923
17877
924
17998
925
18064
926
18102
927
18320
928
18197
929
18273
930
18322
931
18302
932
18371
933
18525
934
18346
935
18820
936
18511
937
18568
938
18526
939
18626
940
18935
941
18813
942
19044
943
19197
944
18986
945
19087
946
20545
947
19136
948
19098
949
19232
950
19289
951
19123
952
19213
953
19103
954
19315
955
19289
956
19328
957
19859
958
20895
959
20981
960
20885
961
21361
962
19880
963
19622
964
20378
965
20019
966
20810
967
21002
968
19982
969
22377
970
21945
971
21514
972
21785
973
23098
974
21097
975
22367
976
21379
977
20874
978
40978
979
20950
980
23629
981
22115
982
20825
983
20911
984
20750
985
21336
986
20520
987
21078
988
22055
989
21054
990
20819
991
20566
992
20433
993
20607
994
20649
995
20764
996
20523
997
20521
998
22704
999
22484
