1
0
2
0
3
1
4
1
5
0
6
3
7
9
8
8
9
6
10
12
11
12
12
14
13
17
14
10
15
18
16
22
17
21
18
45
19
24
20
37
21
32
22
28
23
17
24
38
25
61
26
40
27
61
28
55
29
60
30
41
31
45
32
60
33
57
34
63
35
46
36
39
37
75
38
67
39
43
40
63
41
69
42
73
43
119
44
63
45
85
46
52
47
77
48
112
49
116
50
102
51
145
52
127
53
142
54
100
55
146
56
125
57
131
58
133
59
158
60
138
61
167
62
137
63
129
64
170
65
153
66
112
67
210
68
167
69
141
70
193
71
229
72
218
73
180
74
159
75
254
76
214
77
174
78
228
79
150
80
261
81
295
82
236
83
192
84
212
85
204
86
289
87
251
88
153
89
206
90
292
91
276
92
280
93
242
94
255
95
266
96
231
97
338
98
336
99
255
100
340
101
374
102
350
103
277
104
346
105
299
106
245
107
292
108
265
109
409
110
277
111
336
112
336
113
345
114
333
115
301
116
330
117
392
118
420
119
307
120
401
121
369
122
321
123
306
124
289
125
437
126
297
127
307
128
556
129
341
130
360
131
325
132
399
133
356
134
300
135
378
136
387
137
365
138
405
139
377
140
261
141
365
142
328
143
507
144
544
145
420
146
481
147
520
148
674
149
469
150
618
151
510
152
358
153
438
154
391
155
419
156
393
157
621
158
404
159
489
160
455
161
604
162
365
163
499
164
636
165
448
166
541
167
547
168
390
169
517
170
582
171
426
172
393
173
525
174
374
175
630
176
545
177
686
178
474
179
576
180
505
181
639
182
495
183
496
184
725
185
495
186
561
187
528
188
511
189
662
190
661
191
721
192
691
193
889
194
725
195
1004
196
846
197
575
198
679
199
707
200
543
201
566
202
677
203
610
204
728
205
665
206
745
207
842
208
655
209
691
210
791
211
726
212
696
213
863
214
764
215
1128
216
789
217
565
218
686
219
826
220
851
221
533
222
720
223
721
224
644
225
931
226
959
227
756
228
819
229
788
230
824
231
1013
232
814
233
882
234
884
235
756
236
1120
237
798
238
924
239
802
240
983
241
653
242
812
243
717
244
790
245
881
246
956
247
893
248
1177
249
1039
250
953
251
725
252
943
253
913
254
794
255
735
256
667
257
744
258
856
259
795
260
857
261
1120
262
994
263
1076
264
1192
265
918
266
679
267
776
268
1122
269
851
270
929
271
909
272
1228
273
1066
274
802
275
1150
276
752
277
849
278
807
279
1311
280
1155
281
828
282
849
283
1135
284
1281
285
1212
286
837
287
945
288
1321
289
1095
290
1258
291
817
292
1075
293
880
294
1186
295
933
296
1043
297
874
298
883
299
998
300
1049
301
996
302
1221
303
995
304
1194
305
852
306
980
307
916
308
975
309
1169
310
1228
311
1146
312
1226
313
1229
314
1354
315
1000
316
1219
317
1132
318
1619
319
907
320
1105
321
1168
322
1138
323
1064
324
1274
325
1043
326
1089
327
1299
328
1251
329
1270
330
1261
331
1280
332
1502
333
1042
334
1162
335
1313
336
1571
337
1257
338
1179
339
1226
340
1421
341
1341
342
1057
343
1169
344
1260
345
1186
346
1297
347
1238
348
1143
349
1139
350
1881
351
1470
352
1289
353
1606
354
1193
355
1016
356
1216
357
1364
358
1245
359
1228
360
1155
361
1414
362
1992
363
1414
364
1267
365
1630
366
1503
367
1212
368
1875
369
1701
370
1208
371
1307
372
1149
373
1153
374
1259
375
1105
376
1347
377
1678
378
1401
379
2158
380
1282
381
1315
382
1367
383
1533
384
1662
385
1305
386
1762
387
977
388
1453
389
1333
390
1372
391
1398
392
1272
393
1673
394
1140
395
1459
396
2226
397
1966
398
1538
399
1780
400
1244
401
1335
402
1423
403
1500
404
1827
405
1312
406
1455
407
1381
408
1458
409
1213
410
1835
411
1577
412
1580
413
1378
414
1468
415
1394
416
1420
417
1776
418
1952
419
2097
420
1382
421
2007
422
1506
423
1740
424
1640
425
1306
426
1852
427
1592
428
1256
429
1740
430
1767
431
1373
432
2439
433
1548
434
1651
435
1668
436
1681
437
1279
438
1637
439
1690
440
1885
441
1528
442
1356
443
1156
444
1510
445
1944
446
1581
447
1891
448
1647
449
1735
450
1572
451
1545
452
1594
453
2540
454
1661
455
1493
456
1662
457
1397
458
2636
459
2096
460
1862
461
1418
462
1949
463
1339
464
1855
465
1473
466
1737
467
1630
468
2234
469
1453
470
2073
471
1799
472
2035
473
1903
474
1709
475
1947
476
2166
477
1645
478
1822
479
1794
480
1926
481
1472
482
1680
483
1957
484
2060
485
2260
486
1914
487
1584
488
1498
489
1504
490
1898
491
1744
492
2161
493
2100
494
2034
495
1544
496
1548
497
1743
498
1380
499
2361
500
1841
501
1858
502
1978
503
1651
504
2236
505
1707
506
1705
507
2029
508
1784
509
1791
510
2324
511
1757
512
2202
513
2110
514
2142
515
1647
516
2111
517
2305
518
1704
519
2903
520
2150
521
2070
522
2073
523
2078
524
1913
525
1841
526
2088
527
2336
528
1664
529
1790
530
1842
531
1883
532
2670
533
1978
534
1432
535
2286
536
1652
537
1923
538
2505
539
1850
540
1506
541
1953
542
2314
543
2258
544
2004
545
2392
546
1732
547
2029
548
2037
549
2145
550
2040
551
1844
552
2146
553
2775
554
2041
555
1630
556
2159
557
2356
558
2333
559
2019
560
1683
561
2109
562
2095
563
1911
564
2291
565
2186
566
1934
567
2290
568
2326
569
3039
570
1991
571
1903
572
2198
573
2305
574
1899
575
1856
576
2554
577
2232
578
2335
579
2598
580
2912
581
2537
582
2051
583
2236
584
1982
585
2158
586
2548
587
2178
588
2495
589
2969
590
2535
591
2420
592
2071
593
2593
594
2158
595
2024
596
2075
597
2578
598
2793
599
2140
600
2373
601
2045
602
2155
603
2781
604
2425
605
2332
606
2617
607
2032
608
2435
609
2268
610
2757
611
2382
612
2230
613
2534
614
2597
615
1920
616
3937
617
2404
618
1924
619
3204
620
2970
621
2250
622
2057
623
2651
624
2089
625
2167
626
2595
627
2526
628
3169
629
2438
630
2206
631
2445
632
2533
633
2370
634
2764
635
2740
636
2572
637
2292
638
2349
639
2475
640
2332
641
2102
642
2333
643
2267
644
2730
645
2798
646
2488
647
2385
648
2825
649
2252
650
3265
651
2359
652
2711
653
2881
654
2316
655
2092
656
2751
657
2550
658
2413
659
3051
660
2557
661
1988
662
2571
663
2955
664
2643
665
2723
666
2379
667
2520
668
1976
669
2426
670
2376
671
2827
672
3538
673
2159
674
2964
675
2687
676
2664
677
2239
678
2951
679
2689
680
2341
681
3099
682
2735
683
2250
684
2967
685
2550
686
2750
687
3434
688
2824
689
2929
690
2365
691
2368
692
2992
693
3633
694
2682
695
2983
696
3347
697
3177
698
3153
699
2785
700
3181
701
2498
702
2509
703
2357
704
2844
705
2607
706
3138
707
2637
708
2511
709
2292
710
2174
711
3047
712
3077
713
2662
714
2274
715
2610
716
2888
717
2806
718
2710
719
2651
720
2498
721
2408
722
2380
723
3470
724
2451
725
2530
726
2718
727
3061
728
2788
729
2843
730
2566
731
2804
732
2406
733
2482
734
2575
735
3073
736
2640
737
3731
738
3125
739
3020
740
3386
741
2341
742
2746
743
2401
744
2745
745
3024
746
3416
747
2990
748
2737
749
3818
750
3392
751
2891
752
3782
753
3421
754
3009
755
3241
756
2543
757
3052
758
2329
759
2636
760
2608
761
2915
762
3130
763
3069
764
2827
765
4214
766
3257
767
3762
768
3563
769
3438
770
3360
771
2239
772
3065
773
3039
774
2882
775
3519
776
3809
777
3102
778
3010
779
3660
780
3063
781
3322
782
2928
783
2954
784
3042
785
3618
786
4158
787
2910
788
3312
789
3000
790
2604
791
2912
792
2521
793
3970
794
3240
795
2450
796
2949
797
3004
798
4884
799
3049
800
3441
801
3336
802
3273
803
3687
804
2757
805
3372
806
3044
807
2615
808
3205
809
2849
810
4495
811
3309
812
3313
813
3702
814
4422
815
3838
816
3364
817
4239
818
3879
819
3396
820
2976
821
3558
822
4272
823
3368
824
3852
825
4023
826
3737
827
3117
828
3377
829
2682
830
3988
831
3620
832
3529
833
2597
834
4120
835
3292
836
3369
837
2731
838
3542
839
2642
840
3854
841
3040
842
2985
843
2838
844
3248
845
4114
846
3065
847
3170
848
3857
849
3114
850
3707
851
3602
852
2786
853
3132
854
3195
855
2841
856
3690
857
4968
858
3923
859
3991
860
3444
861
3228
862
3069
863
3771
864
3263
865
3369
866
3305
867
4414
868
2955
869
3107
870
3732
871
2991
872
3485
873
2771
874
4016
875
3334
876
3286
877
3060
878
3856
879
2867
880
2815
881
3341
882
3505
883
4444
884
3256
885
3141
886
3331
887
3530
888
3563
889
3300
890
3770
891
3176
892
4338
893
3133
894
4100
895
3478
896
2725
897
4263
898
3561
899
3087
900
3734
901
3387
902
4108
903
3882
904
4196
905
3374
906
3355
907
3543
908
3849
909
3249
910
2735
911
3611
912
3444
913
3322
914
3176
915
4172
916
3201
917
4435
918
3623
919
5018
920
3202
921
4434
922
4243
923
4315
924
3822
925
2746
926
3431
927
3741
928
3518
929
4062
930
4181
931
3595
932
4318
933
3892
934
4792
935
4487
936
4422
937
3112
938
5112
939
3769
940
3604
941
3041
942
4004
943
3864
944
4466
945
4317
946
4223
947
3690
948
3786
949
3156
950
3820
951
4417
952
3347
953
5547
954
3862
955
3376
956
3765
957
3407
958
4804
959
3242
960
4026
961
3613
962
3638
963
5107
964
3614
965
4728
966
2714
967
3595
968
2632
969
4470
970
4383
971
4205
972
3358
973
4179
974
3749
975
4390
976
5373
977
5226
978
3830
979
3951
980
4287
981
3983
982
3286
983
4021
984
4503
985
3428
986
3552
987
3313
988
4051
989
3815
990
3076
991
3833
992
3295
993
2888
994
4250
995
4232
996
3798
997
3591
998
3536
999
3875
