1
0
2
0
3
1
4
2
5
4
6
6
7
9
8
12
9
16
10
20
11
25
12
30
13
36
14
42
15
49
16
56
17
64
18
69
19
77
20
77
21
86
22
95
23
105
24
115
25
126
26
137
27
149
28
162
29
175
30
188
31
203
32
217
33
220
34
235
35
246
36
264
37
280
38
296
39
313
40
332
41
350
42
368
43
387
44
406
45
426
46
439
47
459
48
480
49
501
50
525
51
547
52
570
53
593
54
614
55
622
56
645
57
671
58
695
59
720
60
752
61
778
62
804
63
833
64
860
65
888
66
916
67
945
68
974
69
997
70
1034
71
1064
72
1102
73
1133
74
1152
75
1154
76
1187
77
1219
78
1251
79
1262
80
1267
81
1271
82
1318
83
1321
84
1354
85
1382
86
1424
87
1463
88
1498
89
1506
90
1524
91
1559
92
1595
93
1605
94
1614
95
1650
96
1687
97
1724
98
1767
99
1805
100
1819
101
1859
102
1898
103
1922
104
1932
105
1972
106
2001
107
2041
108
2078
109
2128
110
2169
111
2210
112
2237
113
2279
114
2321
115
2321
116
2375
117
2375
118
2406
119
2409
120
2419
121
2462
122
2506
123
2506
124
2550
125
2553
126
2595
127
2640
128
2685
129
2686
130
2736
131
2740
132
2782
133
2797
134
2850
135
2897
136
2912
137
2959
138
2990
139
3037
140
3047
141
3064
142
3118
143
3172
144
3252
145
3319
146
3374
147
3407
148
3430
149
3526
150
3565
151
3604
152
3655
153
3685
154
3742
155
3788
156
3824
157
3833
158
3864
159
3888
160
3898
161
3950
162
4023
163
4076
164
4089
165
4143
166
4188
167
4221
168
4275
169
4330
170
4347
171
4402
172
4488
173
4544
174
4580
175
4661
176
4661
177
4661
178
4718
179
4745
180
4746
181
4767
182
4824
183
4881
184
4941
185
4965
186
4990
187
4997
188
5032
189
5090
190
5124
191
5171
192
5232
193
5291
194
5318
195
5378
196
5429
197
5489
198
5509
199
5532
200
5592
201
5634
202
5644
203
5651
204
5668
205
5717
206
5756
207
5774
208
5824
209
5841
210
5889
211
5942
212
5984
213
6015
214
6045
215
6179
216
6237
217
6295
218
6312
219
6317
220
6349
221
6403
222
6459
223
6461
224
6495
225
6556
226
6618
227
6680
228
6742
229
6886
230
6909
231
6970
232
7026
233
7063
234
7126
235
7190
236
7254
237
7272
238
7278
239
7328
240
7369
241
7427
242
7441
243
7505
244
7505
245
7553
246
7556
247
7616
248
7632
249
7656
250
7721
251
7770
252
7835
253
7869
254
7922
255
7946
256
7975
257
8076
258
8098
259
8262
260
8319
261
8368
262
8435
263
8456
264
8523
265
8580
266
8585
267
8652
268
8720
269
8734
270
8779
271
8804
272
8872
273
8951
274
8968
275
9624
276
9685
277
9756
278
9827
279
9828
280
9874
281
9945
282
9953
283
9970
284
10041
285
10095
286
10164
287
10235
288
10307
289
10312
290
10346
291
10406
292
10446
293
10450
294
10522
295
10579
296
10593
297
10631
298
10642
299
10654
300
10690
301
10706
302
10726
303
10728
304
10753
305
10788
306
10795
307
10867
308
10895
309
10901
310
10973
311
11046
312
11119
313
11122
314
11195
315
11262
316
11321
317
11389
318
11454
319
11509
320
11583
321
11587
322
11607
323
11628
324
11638
325
11650
326
11724
327
11748
328
11799
329
11873
330
11910
331
11985
332
11996
333
12055
334
12130
335
12168
336
12426
337
12432
338
12463
339
12492
340
12506
341
12532
342
12544
343
12546
344
12577
345
12588
346
12659
347
12735
348
12811
349
12851
350
12903
351
12964
352
13010
353
13083
354
13159
355
13216
356
13292
357
13358
358
13435
359
13476
360
13537
361
13562
362
13597
363
13670
364
13747
365
13780
366
13797
367
13874
368
13913
369
13962
370
13983
371
14036
372
14112
373
14143
374
14199
375
14211
376
14254
377
14284
378
14292
379
14319
380
14391
381
14452
382
14530
383
14553
384
14590
385
14665
386
14743
387
14769
388
14814
389
14920
390
14990
391
15000
392
15079
393
15088
394
15167
395
15247
396
15290
397
15295
398
15370
399
15450
400
15504
401
15584
402
15624
403
15658
404
15688
405
15689
406
15736
407
15812
408
15844
409
15900
410
15908
411
15917
412
15938
413
15939
414
15970
415
16029
416
16107
417
16124
418
16204
419
16229
420
16309
421
16369
422
16405
423
16486
424
16555
425
16579
426
16650
427
16667
428
16695
429
16744
430
16748
431
16829
432
16878
433
16922
434
17194
435
17276
436
17323
437
17394
438
17455
439
17536
440
17566
441
17635
442
17717
443
17768
444
17838
445
18115
446
18128
447
18179
448
18223
449
18226
450
18305
451
18337
452
18402
453
18419
454
18437
455
18474
456
18517
457
18600
458
18654
459
18728
460
18772
461
18830
462
18891
463
18974
464
18979
465
19062
466
19141
467
19194
468
19252
469
19293
470
19329
471
19412
472
19424
473
19453
474
19494
475
19577
476
19632
477
19687
478
19722
479
19806
480
19864
481
19879
482
19911
483
19934
484
19966
485
20016
486
20076
487
20151
488
20194
489
20209
490
20259
491
20343
492
20416
493
20427
494
20509
495
20587
496
20671
497
20732
498
20764
499
20818
500
20821
501
20889
502
20933
503
20948
504
21032
505
21116
506
21200
507
21253
508
21293
509
21328
510
21381
511
21466
512
21516
513
21601
514
21623
515
21706
516
21742
517
21825
518
21884
519
21963
520
22048
521
22057
522
22124
523
22196
524
22217
525
22266
526
22316
527
22334
528
22345
529
22428
530
22501
531
22516
532
22568
533
22585
534
22616
535
22665
536
22667
537
22697
538
22700
539
22743
540
22809
541
22865
542
22907
543
22924
544
22966
545
23031
546
23031
547
23110
548
23159
549
23219
550
23277
551
23325
552
23394
553
23419
554
23439
555
23524
556
22361
557
22440
558
22451
559
22463
560
22488
561
22571
562
22654
563
22703
564
22786
565
22807
566
22890
567
22906
568
22934
569
23012
570
23037
571
23117
572
23136
573
23192
574
23260
575
23314
576
23387
577
23471
578
23514
579
23582
580
23666
581
23712
582
23734
583
23796
584
23880
585
23918
586
23990
587
24055
588
24072
589
24155
590
24232
591
24274
592
24343
593
24420
594
24504
595
24560
596
24644
597
24729
598
24801
599
24829
600
24895
601
24980
602
24988
603
25073
604
25126
605
25203
606
25242
607
25269
608
25338
609
25421
610
25506
611
25569
612
25598
613
25616
614
25642
615
25661
616
25718
617
25803
618
25887
619
25962
620
26044
621
26106
622
26124
623
26175
624
26215
625
26225
626
26233
627
26272
628
26357
629
26437
630
26505
631
26569
632
26647
633
26724
634
26773
635
26805
636
26859
637
26944
638
27003
639
27026
640
27099
641
27154
642
27240
643
27242
644
27316
645
27330
646
27352
647
27384
648
27397
649
27404
650
27411
651
27497
652
27566
653
27591
654
27638
655
27648
656
27683
657
27739
658
27789
659
27822
660
27858
661
27876
662
27962
663
27977
664
28063
665
28110
666
28158
667
28208
668
28245
669
28252
670
28326
671
28336
672
28399
673
28460
674
28473
675
28511
676
28587
677
28622
678
28692
679
28778
680
28820
681
28897
682
28982
683
28994
684
28996
685
29029
686
29052
687
29090
688
29176
689
29249
690
29320
691
29346
692
29433
693
29502
694
29543
695
29630
696
29646
697
29733
698
29771
699
29824
700
29911
701
29923
702
29987
703
30048
704
30122
705
30199
706
30286
707
30336
708
30349
709
30419
710
30458
711
30513
712
30560
713
30585
714
30653
715
30703
716
30761
717
30848
718
30935
719
30982
720
31047
721
31107
722
31180
723
31237
724
31266
725
31280
726
31326
727
31371
728
31375
729
31459
730
31546
731
31548
732
31635
733
31699
734
31762
735
31833
736
31874
737
31937
738
31958
739
32012
740
32045
741
32106
742
32116
743
32197
744
32283
745
32362
746
32393
747
32438
748
32509
749
32529
750
32616
751
32653
752
32733
753
32798
754
32886
755
32896
756
32976
757
33017
758
33073
759
33158
760
33183
761
33239
762
33326
763
33349
764
33369
765
33419
766
33507
767
33569
768
33582
769
33598
770
33614
771
33661
772
33738
773
33765
774
33793
775
33857
776
33864
777
33924
778
33933
779
34011
780
33693
781
33781
782
33807
783
33893
784
33980
785
34036
786
34074
787
34161
788
34222
789
34235
790
34273
791
34349
792
34437
793
34525
794
34586
795
34673
796
34761
797
34800
798
34883
799
34942
800
34943
801
35005
802
35022
803
35086
804
35088
805
35107
806
35191
807
35196
808
35260
809
35311
810
35381
811
35400
812
35444
813
35532
814
35538
815
35569
816
35622
817
35666
818
35685
819
35699
820
35757
821
35815
822
35904
823
35952
824
35998
825
36050
826
36086
827
36131
828
36220
829
36239
830
36244
831
36333
832
36414
833
36437
834
36495
835
36579
836
36621
837
36664
838
36753
839
36759
840
36848
841
36908
842
36934
843
36973
844
37029
845
37061
846
37132
847
37141
848
37218
849
37307
850
37330
851
37365
852
37414
853
37428
854
37512
855
37601
856
37667
857
37687
858
37729
859
37787
860
37827
861
37874
862
37926
863
37948
864
38018
865
38028
866
38034
867
38047
868
38101
869
38191
870
38210
871
38259
872
38315
873
38361
874
38449
875
38462
876
38541
877
38601
878
38624
879
38680
880
38731
881
38778
882
38868
883
38868
884
38929
885
39005
886
39095
887
39122
888
39212
889
39250
890
39336
891
39372
892
39458
893
39496
894
39554
895
39611
896
39660
897
39725
898
39795
899
39798
900
39859
901
39949
902
40001
903
40019
904
40055
905
40096
906
40128
907
40144
908
40145
909
40200
910
40272
911
40325
912
40327
913
40392
914
40445
915
40508
916
40549
917
40599
918
40689
919
40727
920
40816
921
40894
922
40969
923
41045
924
41061
925
41095
926
41128
927
41194
928
41284
929
41288
930
41358
931
41419
932
41509
933
41532
934
41611
935
41643
936
41708
937
41719
938
41767
939
41834
940
41901
941
41922
942
41942
943
42011
944
42097
945
42171
946
42204
947
42231
948
42255
949
42279
950
42345
951
42359
952
42361
953
42402
954
42492
955
42511
956
42586
957
42610
958
42696
959
42771
960
42800
961
42857
962
42893
963
42917
964
42997
965
43013
966
43069
967
43115
968
43143
969
43148
970
43161
971
43251
972
43277
973
43310
974
43374
975
43386
976
43393
977
43483
978
43523
979
43251
980
43271
981
43336
982
43343
983
43373
984
43449
985
43522
986
43576
987
43578
988
43628
989
43718
990
43779
991
43851
992
43874
993
43939
994
43962
995
43989
996
44021
997
44031
998
44061
999
44144
