1
0
2
0
3
1
4
3
5
0
6
0
7
15
8
15
9
3
10
3
11
0
12
1
13
1
14
1
15
1
16
1
17
1
18
1
19
1
20
1
21
1
22
1
23
1
24
1
25
1
26
1
27
1
28
1
29
1
30
1
31
1
32
1
33
1
34
2
35
2
36
2
37
2
38
2
39
3
40
3
41
5
42
5
43
5
44
5
45
5
46
5
47
5
48
5
49
5
50
5
51
5
52
6
53
6
54
6
55
6
56
6
57
6
58
7
59
8
60
9
61
9
62
9
63
9
64
9
65
9
66
9
67
10
68
10
69
10
70
12
71
12
72
12
73
12
74
13
75
13
76
13
77
14
78
14
79
14
80
14
81
14
82
14
83
14
84
14
85
14
86
14
87
14
88
14
89
14
90
14
91
14
92
14
93
15
94
15
95
15
96
15
97
15
98
15
99
15
100
15
101
15
102
15
103
15
104
16
105
16
106
17
107
17
108
17
109
17
110
17
111
17
112
17
113
17
114
17
115
17
116
17
117
17
118
17
119
18
120
19
121
19
122
19
123
19
124
19
125
19
126
19
127
19
128
19
129
19
130
19
131
19
132
19
133
19
134
19
135
19
136
19
137
19
138
19
139
19
140
20
141
20
142
20
143
20
144
20
145
21
146
21
147
21
148
21
149
21
150
21
151
21
152
21
153
21
154
21
155
21
156
21
157
22
158
23
159
24
160
24
161
25
162
25
163
25
164
25
165
25
166
25
167
25
168
25
169
26
170
26
171
26
172
26
173
27
174
27
175
27
176
28
177
28
178
28
179
28
180
28
181
28
182
28
183
29
184
29
185
29
186
29
187
29
188
29
189
29
190
29
191
29
192
29
193
29
194
31
195
31
196
31
197
31
198
32
199
32
200
32
201
32
202
35
203
35
204
35
205
35
206
36
207
36
208
36
209
37
210
37
211
37
212
37
213
37
214
37
215
37
216
37
217
37
218
37
219
37
220
37
221
37
222
39
223
39
224
39
225
39
226
39
227
39
228
39
229
39
230
39
231
39
232
39
233
39
234
39
235
39
236
39
237
39
238
39
239
39
240
39
241
40
242
40
243
40
244
40
245
40
246
43
247
43
248
43
249
43
250
43
251
43
252
43
253
44
254
44
255
44
256
44
257
44
258
44
259
44
260
44
261
47
262
47
263
47
264
47
265
47
266
48
267
48
268
48
269
48
270
48
271
48
272
48
273
48
274
48
275
48
276
49
277
49
278
49
279
49
280
49
281
49
282
49
283
49
284
49
285
49
286
49
287
49
288
49
289
49
290
49
291
49
292
52
293
52
294
52
295
52
296
52
297
52
298
52
299
52
300
52
301
52
302
52
303
52
304
52
305
52
306
476
307
476
308
479
309
479
310
479
311
482
312
485
313
488
314
488
315
491
316
494
317
497
318
497
319
497
320
500
321
500
322
500
323
503
324
503
325
503
326
503
327
503
328
503
329
506
330
506
331
506
332
506
333
506
334
506
335
506
336
506
337
506
338
506
339
507
340
507
341
510
342
515
343
515
344
515
345
515
346
515
347
517
348
520
349
520
350
520
351
523
352
523
353
523
354
530
355
533
356
533
357
533
358
536
359
539
360
542
361
542
362
544
363
547
364
547
365
550
366
550
367
550
368
550
369
550
370
550
371
553
372
556
373
561
374
561
375
561
376
564
377
564
378
567
379
570
380
573
381
579
382
581
383
581
384
581
385
581
386
582
387
585
388
586
389
591
390
591
391
591
392
594
393
596
394
596
395
599
396
602
397
602
398
602
399
602
400
609
401
609
402
612
403
615
404
618
405
618
406
620
407
623
408
623
409
625
410
625
411
629
412
631
413
631
414
634
415
636
416
636
417
636
418
636
419
639
420
642
421
642
422
642
423
645
424
645
425
648
426
649
427
649
428
652
429
655
430
655
431
658
432
658
433
658
434
658
435
658
436
658
437
661
438
664
439
664
440
664
441
664
442
664
443
667
444
667
445
670
446
673
447
674
448
674
449
677
450
677
451
677
452
679
453
686
454
689
455
689
456
689
457
689
458
689
459
689
460
689
461
694
462
697
463
697
464
700
465
703
466
703
467
703
468
706
469
706
470
707
471
710
472
710
473
713
474
716
475
719
476
721
477
721
478
721
479
721
480
724
481
727
482
727
483
730
484
730
485
730
486
733
487
736
488
739
489
739
490
742
491
745
492
748
493
748
494
748
495
751
496
751
497
754
498
757
499
760
500
763
501
763
502
766
503
766
504
766
505
766
506
767
507
770
508
770
509
770
510
773
511
776
512
779
513
779
514
782
515
782
516
782
517
785
518
788
519
788
520
790
521
793
522
793
523
793
524
796
525
796
526
796
527
796
528
799
529
802
530
806
531
811
532
811
533
811
534
811
535
811
536
814
537
821
538
824
539
827
540
827
541
832
542
835
543
835
544
838
545
838
546
838
547
838
548
841
549
841
550
841
551
844
552
847
553
847
554
847
555
850
556
853
557
853
558
856
559
859
560
862
561
867
562
870
563
875
564
875
565
877
566
877
567
877
568
884
569
888
570
890
571
893
572
896
573
896
574
899
575
902
576
905
577
905
578
908
579
911
580
911
581
911
582
911
583
914
584
917
585
920
586
921
587
927
588
930
589
933
590
933
591
936
592
939
593
942
594
945
595
945
596
948
597
954
598
954
599
954
600
956
601
959
602
962
603
962
604
962
605
965
606
966
607
966
608
969
609
970
610
973
611
976
612
976
613
976
614
979
615
979
616
982
617
982
618
985
619
985
620
985
621
985
622
985
623
988
624
988
625
991
626
994
627
997
628
1000
629
1000
630
1003
631
1003
632
1005
633
1008
634
1008
635
1008
636
1008
637
1008
638
1008
639
1011
640
1011
641
1011
642
1011
643
1011
644
1011
645
1011
646
1011
647
1014
648
1014
649
1014
650
1014
651
1017
652
1017
653
1017
654
1017
655
1017
656
1017
657
1017
658
1017
659
623
660
629
661
630
662
630
663
630
664
630
665
630
666
630
667
634
668
634
669
634
670
634
671
634
672
634
673
634
674
634
675
636
676
636
677
636
678
636
679
636
680
639
681
639
682
640
683
640
684
641
685
641
686
641
687
641
688
641
689
641
690
641
691
645
692
645
693
645
694
645
695
645
696
645
697
647
698
647
699
654
700
654
701
654
702
654
703
654
704
656
705
657
706
657
707
657
708
663
709
665
710
665
711
665
712
665
713
665
714
665
715
669
716
669
717
669
718
669
719
672
720
673
721
673
722
673
723
673
724
676
725
676
726
676
727
676
728
678
729
678
730
678
731
678
732
678
733
680
734
680
735
682
736
683
737
683
738
684
739
684
740
684
741
684
742
684
743
684
744
686
745
686
746
686
747
686
748
687
749
687
750
688
751
688
752
688
753
688
754
688
755
691
756
691
757
691
758
691
759
691
760
691
761
691
762
691
763
691
764
691
765
691
766
693
767
700
768
700
769
702
770
702
771
702
772
702
773
709
774
709
775
710
776
712
777
716
778
716
779
716
780
716
781
717
782
717
783
717
784
717
785
725
786
725
787
726
788
729
789
729
790
729
791
732
792
734
793
737
794
737
795
737
796
740
797
742
798
742
799
742
800
748
801
749
802
751
803
752
804
752
805
752
806
754
807
754
808
758
809
758
810
758
811
758
812
762
813
762
814
762
815
762
816
770
817
770
818
770
819
770
820
774
821
774
822
774
823
776
824
776
825
776
826
776
827
776
828
776
829
776
830
776
831
776
832
776
833
776
834
779
835
781
836
781
837
784
838
784
839
784
840
786
841
786
842
786
843
790
844
790
845
793
846
793
847
793
848
793
849
793
850
794
851
794
852
796
853
796
854
797
855
800
856
803
857
803
858
803
859
803
860
803
861
803
862
803
863
803
864
809
865
809
866
809
867
809
868
809
869
809
870
809
871
809
872
811
873
813
874
815
875
815
876
815
877
819
878
819
879
821
880
821
881
821
882
824
883
826
884
829
885
835
886
837
887
837
888
839
889
839
890
841
891
841
892
841
893
841
894
844
895
844
896
844
897
844
898
844
899
844
900
844
901
846
902
846
903
846
904
848
905
848
906
848
907
848
908
848
909
848
910
848
911
848
912
848
913
848
914
848
915
848
916
848
917
851
918
855
919
855
920
858
921
866
922
866
923
866
924
869
925
869
926
728
927
728
928
729
929
730
930
731
931
732
932
733
933
734
934
735
935
736
936
737
937
738
938
739
939
740
940
741
941
742
942
742
943
743
944
746
945
746
946
746
947
747
948
747
949
748
950
748
951
749
952
750
953
751
954
752
955
752
956
753
957
754
958
755
959
756
960
757
961
758
962
759
963
760
964
761
965
762
966
763
967
764
968
766
969
767
970
768
971
769
972
770
973
771
974
772
975
772
976
773
977
774
978
775
979
776
980
777
981
778
982
779
983
779
984
780
985
781
986
782
987
783
988
783
989
784
990
784
991
784
992
785
993
786
994
787
995
787
996
788
997
789
998
789
999
790
