1
2
2
3
3
3
4
3
5
4
6
4
7
5
8
4
9
4
10
6
11
5
12
5
13
6
14
10
15
5
16
7
17
7
18
6
19
7
20
8
21
7
22
8
23
11
24
9
25
9
26
8
27
10
28
9
29
10
30
11
31
10
32
10
33
11
34
11
35
11
36
11
37
11
38
12
39
14
40
13
41
13
42
14
43
13
44
19
45
15
46
14
47
17
48
15
49
16
50
16
51
129
52
42
53
16
54
18
55
20
56
17
57
18
58
92
59
18
60
23
61
19
62
21
63
20
64
22
65
109
66
23
67
21
68
21
69
25
70
22
71
21
72
23
73
235
74
23
75
23
76
26
77
31
78
25
79
27
80
26
81
27
82
28
83
26
84
27
85
29
86
28
87
30
88
92
89
29
90
56
91
29
92
30
93
97
94
35
95
29
96
31
97
31
98
37
99
34
100
36
101
38
102
37
103
36
104
32
105
34
106
35
107
40
108
36
109
38
110
38
111
34
112
38
113
36
114
43
115
46
116
43
117
41
118
39
119
46
120
43
121
157
122
106
123
41
124
42
125
41
126
39
127
48
128
40
129
46
130
46
131
47
132
56
133
94
134
48
135
48
136
43
137
50
138
47
139
52
140
47
141
47
142
47
143
50
144
51
145
58
146
50
147
264
148
58
149
56
150
57
151
58
152
55
153
57
154
56
155
57
156
58
157
56
158
55
159
54
160
60
161
55
162
123
163
59
164
222
165
53
166
61
167
55
168
59
169
60
170
57
171
66
172
57
173
62
174
60
175
75
176
65
177
64
178
60
179
68
180
71
181
70
182
63
183
62
184
72
185
61
186
69
187
74
188
68
189
75
190
67
191
81
192
83
193
69
194
66
195
79
196
74
197
91
198
71
199
72
200
120
201
71
202
72
203
81
204
72
205
70
206
76
207
85
208
75
209
190
210
73
211
79
212
87
213
76
214
79
215
78
216
81
217
75
218
83
219
81
220
104
221
82
222
86
223
76
224
83
225
80
226
110
227
86
228
85
229
81
230
85
231
91
232
84
233
82
234
85
235
85
236
92
237
88
238
172
239
87
240
253
241
194
242
83
243
86
244
101
245
85
246
91
247
99
248
95
249
87
250
86
251
91
252
147
253
101
254
93
255
95
256
95
257
92
258
99
259
97
260
94
261
94
262
107
263
106
264
99
265
100
266
90
267
96
268
107
269
105
270
174
271
149
272
102
273
133
274
107
275
109
276
107
277
119
278
102
279
109
280
104
281
103
282
104
283
111
284
107
285
114
286
158
287
108
288
114
289
108
290
109
291
115
292
115
293
108
294
125
295
119
296
108
297
108
298
104
299
117
300
119
301
113
302
196
303
111
304
121
305
210
306
123
307
155
308
117
309
133
310
124
311
124
312
123
313
117
314
114
315
123
316
128
317
114
318
158
319
114
320
138
321
116
322
128
323
216
324
117
325
125
326
121
327
135
328
127
329
136
330
175
331
130
332
120
333
141
334
134
335
148
336
121
337
135
338
135
339
129
340
143
341
142
342
135
343
135
344
137
345
135
346
128
347
152
348
326
349
158
350
142
351
164
352
210
353
222
354
250
355
133
356
151
357
134
358
135
359
141
360
148
361
132
362
140
363
230
364
145
365
191
366
136
367
143
368
258
369
137
370
142
371
151
372
132
373
181
374
148
375
143
376
144
377
139
378
141
379
144
380
164
381
143
382
143
383
150
384
154
385
144
386
160
387
161
388
161
389
250
390
163
391
162
392
166
393
203
394
160
395
146
396
153
397
162
398
160
399
155
400
162
401
355
402
148
403
171
404
153
405
195
406
211
407
263
408
164
409
165
410
154
411
156
412
155
413
163
414
206
415
290
416
173
417
162
418
170
419
169
420
165
421
180
422
156
423
198
424
162
425
177
426
164
427
157
428
166
429
183
430
172
431
172
432
202
433
184
434
175
435
181
436
165
437
168
438
170
439
175
440
173
441
172
442
177
443
167
444
214
445
189
446
188
447
187
448
308
449
189
450
168
451
185
452
224
453
189
454
203
455
201
456
172
457
268
458
171
459
204
460
231
461
206
462
229
463
172
464
184
465
184
466
189
467
256
468
201
469
183
470
250
471
216
472
212
473
200
474
197
475
188
476
208
477
179
478
195
479
227
480
206
481
203
482
196
483
187
484
185
485
196
486
202
487
202
488
247
489
223
490
194
491
196
492
251
493
211
494
193
495
227
496
200
497
210
498
199
499
197
500
263
501
227
502
202
503
227
504
192
505
227
506
193
507
194
508
200
509
218
510
199
511
287
512
256
513
204
514
227
515
217
516
243
517
212
518
212
519
210
520
208
521
314
522
257
523
226
524
299
525
211
526
205
527
202
528
218
529
210
530
212
531
204
532
248
533
214
534
284
535
215
536
209
537
222
538
211
539
221
540
219
541
256
542
215
543
299
544
227
545
220
546
290
547
235
548
240
549
210
550
279
551
251
552
230
553
232
554
216
555
240
556
220
557
221
558
234
559
217
560
229
561
216
562
224
563
246
564
229
565
355
566
229
567
242
568
230
569
222
570
227
571
241
572
242
573
229
574
258
575
229
576
242
577
241
578
246
579
321
580
304
581
260
582
231
583
264
584
256
585
410
586
260
587
299
588
230
589
310
590
250
591
287
592
250
593
244
594
265
595
245
596
252
597
241
598
246
599
322
600
233
601
297
602
246
603
255
604
338
605
267
606
278
607
245
608
237
609
336
610
342
611
257
612
254
613
262
614
255
615
298
616
248
617
311
618
244
619
254
620
260
621
266
622
254
623
264
624
300
625
303
626
263
627
261
628
251
629
259
630
258
631
263
632
294
633
299
634
268
635
307
636
266
637
264
638
271
639
296
640
264
641
252
642
326
643
260
644
259
645
261
646
270
647
287
648
409
649
334
650
269
651
297
652
283
653
286
654
324
655
281
656
283
657
280
658
272
659
298
660
295
661
318
662
331
663
327
664
266
665
270
666
363
667
327
668
291
669
333
670
274
671
331
672
321
673
273
674
281
675
282
676
322
677
313
678
299
679
309
680
465
681
339
682
333
683
304
684
296
685
289
686
293
687
361
688
296
689
283
690
327
691
400
692
293
693
283
694
277
695
404
696
313
697
311
698
318
699
369
700
313
701
391
702
350
703
407
704
285
705
373
706
310
707
299
708
352
709
587
710
292
711
301
712
308
713
284
714
336
715
294
716
326
717
321
718
344
719
336
720
310
721
312
722
317
723
297
724
312
725
306
726
312
727
319
728
311
729
350
730
442
731
370
732
312
733
305
734
317
735
330
736
443
737
357
738
297
739
338
740
298
741
315
742
302
743
327
744
356
745
387
746
318
747
351
748
302
749
329
750
301
751
373
752
386
753
381
754
323
755
327
756
315
757
363
758
304
759
343
760
365
761
317
762
330
763
347
764
335
765
346
766
318
767
394
768
394
769
396
770
319
771
346
772
329
773
337
774
332
775
364
776
342
777
401
778
403
779
342
780
399
781
440
782
316
783
317
784
368
785
336
786
353
787
339
788
365
789
328
790
348
791
435
792
333
793
345
794
410
795
333
796
358
797
366
798
360
799
529
800
358
801
337
802
546
803
363
804
372
805
369
806
542
807
840
808
491
809
336
810
357
811
375
812
367
813
351
814
365
815
351
816
399
817
1202
818
595
819
514
820
485
821
484
822
357
823
358
824
1097
825
553
826
377
827
894
828
364
829
466
830
383
831
386
832
343
833
418
834
360
835
540
836
348
837
396
838
436
839
355
840
442
841
430
842
547
843
375
844
532
845
376
846
645
847
495
848
429
849
369
850
410
851
437
852
486
853
359
854
371
855
395
856
653
857
482
858
357
859
686
860
363
861
395
862
467
863
379
864
477
865
371
866
453
867
400
868
408
869
376
870
498
871
367
872
459
873
710
874
381
875
383
876
856
877
1258
878
395
879
392
880
1440
881
467
882
363
883
395
884
438
885
415
886
362
887
647
888
645
889
396
890
404
891
546
892
426
893
510
894
416
895
419
896
1161
897
485
898
435
899
521
900
380
901
419
902
722
903
413
904
385
905
384
906
648
907
424
908
390
909
393
910
390
911
381
912
399
913
424
914
1256
915
1275
916
388
917
448
918
533
919
424
920
411
921
429
922
511
923
437
924
403
925
607
926
456
927
403
928
457
929
432
930
399
931
417
932
482
933
426
934
393
935
510
936
443
937
673
938
475
939
412
940
436
941
484
942
619
943
402
944
404
945
1147
946
984
947
479
948
509
949
440
950
495
951
686
952
901
953
417
954
557
955
586
956
419
957
804
958
432
959
440
960
632
961
908
962
433
963
436
964
458
965
510
966
678
967
444
968
461
969
451
970
466
971
555
972
436
973
559
974
440
975
434
976
546
977
462
978
468
979
447
980
455
981
466
982
437
983
555
984
462
985
432
986
456
987
579
988
646
989
441
990
443
991
484
992
446
993
515
994
484
995
435
996
577
997
446
998
552
999
445
