1
0
2
0
3
0
4
2
5
2
6
3
7
6
8
6
9
7
10
6
11
13
12
11
13
15
14
22
15
20
16
24
17
23
18
25
19
21
20
26
21
23
22
29
23
50
24
36
25
33
26
44
27
45
28
54
29
41
30
64
31
43
32
54
33
63
34
54
35
71
36
79
37
69
38
77
39
74
40
80
41
66
42
69
43
73
44
128
45
115
46
104
47
112
48
134
49
139
50
104
51
115
52
96
53
112
54
110
55
132
56
120
57
120
58
158
59
116
60
131
61
209
62
132
63
133
64
169
65
166
66
118
67
147
68
160
69
205
70
144
71
135
72
285
73
250
74
196
75
238
76
195
77
247
78
174
79
190
80
227
81
224
82
314
83
165
84
274
85
172
86
163
87
276
88
181
89
221
90
287
91
222
92
237
93
272
94
239
95
248
96
281
97
223
98
385
99
330
100
269
101
319
102
276
103
279
104
298
105
260
106
332
107
276
108
307
109
298
110
250
111
265
112
396
113
317
114
368
115
244
116
294
117
259
118
322
119
271
120
446
121
296
122
510
123
476
124
311
125
412
126
529
127
319
128
383
129
389
130
318
131
414
132
355
133
471
134
329
135
326
136
422
137
367
138
438
139
416
140
455
141
361
142
415
143
430
144
510
145
476
146
486
147
478
148
372
149
421
150
486
151
461
152
391
153
417
154
427
155
427
156
697
157
542
158
470
159
536
160
576
161
389
162
421
163
497
164
507
165
461
166
476
167
528
168
555
169
549
170
728
171
531
172
577
173
537
174
623
175
470
176
781
177
603
178
560
179
574
180
497
181
506
182
502
183
735
184
437
185
507
186
494
187
516
188
574
189
535
190
558
191
637
192
505
193
684
194
522
195
627
196
634
197
500
198
580
199
573
200
735
201
626
202
634
203
782
204
679
205
553
206
669
207
676
208
631
209
629
210
641
211
774
212
644
213
661
214
652
215
740
216
707
217
678
218
849
219
574
220
757
221
990
222
858
223
840
224
1171
225
958
226
744
227
854
228
782
229
603
230
637
231
828
232
1066
233
879
234
745
235
956
236
786
237
728
238
751
239
624
240
696
241
739
242
865
243
678
244
716
245
836
246
708
247
851
248
739
249
895
250
787
251
1006
252
759
253
1008
254
860
255
879
256
860
257
815
258
851
259
964
260
679
261
893
262
960
263
1295
264
1089
265
1149
266
851
267
1074
268
916
269
941
270
1009
271
980
272
826
273
888
274
1063
275
813
276
954
277
849
278
714
279
1063
280
860
281
822
282
1460
283
798
284
1131
285
1345
286
999
287
1205
288
1068
289
734
290
905
291
1033
292
1024
293
1032
294
863
295
994
296
995
297
1071
298
898
299
1159
300
950
301
811
302
1379
303
1322
304
1059
305
1083
306
976
307
949
308
1233
309
1011
310
1146
311
1239
312
1045
313
1031
314
1106
315
1262
316
983
317
1524
318
1476
319
1194
320
1069
321
1240
322
1076
323
1571
324
1312
325
1031
326
1470
327
1365
328
1171
329
1172
330
1044
331
1611
332
990
333
1244
334
1495
335
1443
336
1157
337
1507
338
1073
339
1131
340
1752
341
1349
342
1163
343
1269
344
1522
345
1066
346
1475
347
1075
348
1283
349
1023
350
1157
351
1211
352
1593
353
1497
354
1213
355
1127
356
1143
357
1353
358
989
359
1244
360
1208
361
1740
362
1358
363
1099
364
1626
365
1133
366
1563
367
1190
368
1215
369
1334
370
1863
371
1491
372
1475
373
1354
374
1215
375
1409
376
1361
377
1367
378
1721
379
1195
380
1526
381
1400
382
1534
383
1569
384
1029
385
1174
386
2019
387
1407
388
1707
389
1693
390
1376
391
1343
392
1628
393
1383
394
1181
395
1502
396
1654
397
1365
398
1505
399
1316
400
1299
401
1290
402
1622
403
1346
404
1501
405
1492
406
1571
407
1540
408
2105
409
1869
410
1244
411
2073
412
1408
413
1445
414
1854
415
1439
416
1662
417
1787
418
1493
419
2072
420
1915
421
1519
422
1518
423
1995
424
1391
425
1696
426
1790
427
1530
428
1375
429
1995
430
1791
431
1558
432
1552
433
1790
434
1874
435
1741
436
1760
437
2015
438
1540
439
1650
440
1367
441
1668
442
1367
443
1804
444
1282
445
1691
446
1452
447
1411
448
1586
449
1595
450
1916
451
1799
452
1656
453
1405
454
1976
455
1634
456
1693
457
1759
458
1910
459
1496
460
1691
461
1474
462
1560
463
1367
464
1892
465
2020
466
1493
467
1555
468
1677
469
1800
470
1769
471
1599
472
1341
473
1610
474
1838
475
1658
476
1707
477
1575
478
1425
479
1807
480
2046
481
1583
482
1588
483
1613
484
2104
485
1754
486
2076
487
1868
488
2189
489
1674
490
1759
491
2028
492
1861
493
1743
494
2075
495
1692
496
1882
497
2430
498
2004
499
1436
500
1754
501
1630
502
1790
503
1725
504
1831
505
1889
506
2316
507
1601
508
1777
509
2116
510
2213
511
1570
512
1638
513
1859
514
2021
515
1662
516
2089
517
1878
518
2017
519
2341
520
1907
521
1881
522
1682
523
2223
524
1525
525
1929
526
1868
527
1659
528
1880
529
2170
530
2001
531
1868
532
2264
533
1993
534
1830
535
1970
536
2000
537
2322
538
1624
539
2118
540
2147
541
2673
542
2703
543
2280
544
2357
545
2474
546
2097
547
2322
548
1797
549
1910
550
1812
551
1904
552
2067
553
2220
554
2071
555
1809
556
2053
557
1918
558
2094
559
1920
560
1936
561
2117
562
2102
563
2673
564
2399
565
2607
566
1935
567
2123
568
2163
569
2372
570
2007
571
2096
572
1964
573
1890
574
1899
575
2277
576
1760
577
2404
578
2356
579
2492
580
2177
581
2174
582
2700
583
2723
584
2127
585
2520
586
2274
587
2157
588
1994
589
2550
590
1875
591
2339
592
2610
593
2240
594
3090
595
2351
596
2452
597
2005
598
2200
599
2278
600
2287
601
2303
602
2349
603
2042
604
2630
605
2446
606
2216
607
2426
608
2411
609
2586
610
2016
611
2417
612
2584
613
2034
614
2865
615
2791
616
1781
617
2564
618
2870
619
2422
620
2542
621
2730
622
2299
623
2319
624
2478
625
2426
626
1905
627
2386
628
1825
629
2634
630
3270
631
2500
632
2229
633
1991
634
2249
635
2793
636
2331
637
2702
638
2426
639
2346
640
2295
641
2413
642
3111
643
2731
644
2559
645
2190
646
3028
647
2416
648
3006
649
3516
650
2196
651
2361
652
2596
653
2502
654
2447
655
3273
656
2524
657
2658
658
2757
659
2242
660
3030
661
2769
662
2274
663
2411
664
3198
665
2397
666
2400
667
3025
668
2678
669
2153
670
2889
671
3181
672
3094
673
2906
674
2134
675
2324
676
2376
677
2435
678
2383
679
3093
680
2402
681
2575
682
2838
683
2084
684
3285
685
3080
686
2682
687
2843
688
2935
689
2573
690
3547
691
3053
692
2492
693
2604
694
3390
695
3454
696
2435
697
2291
698
3008
699
3009
700
2504
701
2498
702
3707
703
3490
704
3066
705
3411
706
2303
707
2698
708
3446
709
4057
710
2342
711
2845
712
3393
713
3680
714
2495
715
2205
716
2743
717
3037
718
2737
719
2611
720
2776
721
2923
722
2730
723
3026
724
2985
725
2260
726
2480
727
2830
728
2355
729
2525
730
2941
731
3120
732
2710
733
2997
734
2482
735
3844
736
2600
737
2677
738
3227
739
3109
740
2948
741
4098
742
2662
743
3309
744
3028
745
2559
746
3630
747
3470
748
2800
749
2648
750
2322
751
3282
752
2859
753
2603
754
3158
755
2779
756
2874
757
2791
758
2638
759
2855
760
3095
761
3158
762
2975
763
2469
764
3043
765
2783
766
2904
767
3191
768
3327
769
2888
770
2931
771
3614
772
2808
773
3111
774
2873
775
3054
776
5004
777
3112
778
3152
779
2817
780
3578
781
3148
782
3472
783
2857
784
3167
785
3170
786
3142
787
3042
788
3351
789
3527
790
3393
791
2762
792
2817
793
2634
794
3005
795
3181
796
3179
797
4730
798
2870
799
3539
800
2992
801
3107
802
3630
803
3204
804
3531
805
3923
806
3208
807
2724
808
3278
809
3029
810
3585
811
3759
812
2887
813
3090
814
2957
815
3252
816
3303
817
3202
818
3559
819
3120
820
4103
821
3020
822
3662
823
3090
824
3274
825
3394
826
3921
827
3439
828
4019
829
3978
830
3206
831
3651
832
2746
833
3723
834
2827
835
3354
836
3919
837
3974
838
3428
839
2734
840
3785
841
2931
842
4713
843
3708
844
2985
845
3398
846
3115
847
4482
848
4325
849
4292
850
4177
851
3012
852
3108
853
3279
854
3436
855
3188
856
3146
857
3825
858
4402
859
4222
860
4087
861
3129
862
3492
863
2994
864
2845
865
3423
866
3872
867
3411
868
2844
869
4200
870
3806
871
3300
872
3520
873
3513
874
2993
875
2665
876
3360
877
3490
878
3738
879
3491
880
3756
881
3013
882
3981
883
2686
884
3694
885
3370
886
4138
887
3134
888
3295
889
3025
890
2933
891
4520
892
3235
893
3713
894
3194
895
2942
896
3394
897
4650
898
4612
899
3667
900
3136
901
4343
902
3767
903
3727
904
5079
905
4199
906
3446
907
3573
908
4220
909
3369
910
3762
911
3284
912
3095
913
3606
914
3722
915
4238
916
4410
917
3644
918
4514
919
3698
920
3491
921
3303
922
3098
923
3489
924
3350
925
3491
926
3300
927
3471
928
3240
929
3840
930
3296
931
3411
932
4910
933
2792
934
3627
935
3118
936
3395
937
3671
938
3387
939
4920
940
3445
941
3348
942
3640
943
3532
944
3693
945
3622
946
3414
947
4514
948
3314
949
4010
950
3407
951
3288
952
3219
953
3234
954
4337
955
4024
956
3600
957
3980
958
4094
959
3951
960
4251
961
3426
962
3608
963
4321
964
3316
965
4138
966
4093
967
5559
968
4177
969
3325
970
4271
971
3745
972
3415
973
3803
974
3892
975
3031
976
3943
977
3781
978
3588
979
3444
980
3902
981
3909
982
3439
983
3474
984
3537
985
5704
986
4179
987
3175
988
3482
989
3429
990
3831
991
4118
992
3522
993
3216
994
3693
995
4470
996
4308
997
3595
998
4340
999
3744
