1
0
2
0
3
0
4
1
5
2
6
3
7
4
8
5
9
6
10
5
11
10
12
7
13
14
14
12
15
15
16
16
17
22
18
12
19
21
20
28
21
35
22
55
23
25
24
44
25
42
26
58
27
53
28
52
29
57
30
56
31
39
32
35
33
54
34
49
35
94
36
65
37
67
38
55
39
53
40
62
41
60
42
86
43
140
44
96
45
78
46
75
47
100
48
99
49
80
50
167
51
103
52
168
53
133
54
229
55
106
56
156
57
130
58
142
59
166
60
175
61
141
62
162
63
163
64
127
65
147
66
181
67
157
68
168
69
272
70
137
71
168
72
151
73
231
74
176
75
214
76
192
77
256
78
173
79
195
80
186
81
222
82
247
83
182
84
185
85
211
86
254
87
239
88
187
89
175
90
170
91
269
92
298
93
215
94
221
95
250
96
258
97
295
98
251
99
247
100
400
101
263
102
218
103
347
104
328
105
286
106
270
107
293
108
260
109
311
110
252
111
336
112
332
113
298
114
312
115
263
116
304
117
373
118
323
119
330
120
243
121
299
122
288
123
370
124
390
125
306
126
305
127
386
128
378
129
324
130
313
131
467
132
388
133
396
134
348
135
426
136
386
137
373
138
413
139
314
140
383
141
365
142
334
143
370
144
417
145
405
146
536
147
499
148
384
149
540
150
461
151
385
152
415
153
525
154
493
155
641
156
488
157
499
158
445
159
375
160
609
161
477
162
440
163
609
164
518
165
457
166
448
167
549
168
649
169
457
170
436
171
519
172
589
173
537
174
506
175
527
176
691
177
456
178
594
179
489
180
529
181
618
182
680
183
690
184
545
185
509
186
791
187
665
188
541
189
531
190
496
191
584
192
553
193
720
194
574
195
578
196
665
197
550
198
789
199
548
200
610
201
474
202
614
203
716
204
555
205
605
206
712
207
650
208
714
209
584
210
613
211
795
212
614
213
867
214
544
215
570
216
785
217
670
218
896
219
857
220
673
221
759
222
762
223
953
224
887
225
801
226
818
227
826
228
809
229
624
230
802
231
582
232
601
233
954
234
765
235
734
236
673
237
816
238
754
239
781
240
840
241
609
242
827
243
744
244
922
245
817
246
593
247
968
248
817
249
684
250
621
251
920
252
763
253
1024
254
774
255
917
256
782
257
659
258
782
259
763
260
914
261
1082
262
945
263
886
264
1452
265
937
266
774
267
800
268
1133
269
822
270
1037
271
895
272
820
273
807
274
1095
275
1072
276
767
277
1003
278
1171
279
1273
280
928
281
821
282
882
283
953
284
969
285
974
286
982
287
848
288
770
289
1045
290
972
291
1027
292
1439
293
953
294
908
295
975
296
1007
297
1608
298
1145
299
1142
300
1059
301
1105
302
1305
303
1047
304
1046
305
1148
306
1025
307
1075
308
1110
309
1280
310
931
311
1228
312
1001
313
1110
314
1052
315
955
316
1544
317
1173
318
951
319
998
320
1235
321
1086
322
1123
323
1583
324
1301
325
1061
326
1312
327
1020
328
1571
329
992
330
1543
331
1180
332
947
333
872
334
1344
335
1105
336
1279
337
1389
338
1190
339
1510
340
1235
341
1162
342
1379
343
942
344
1204
345
1097
346
1165
347
1184
348
1294
349
1640
350
1069
351
1279
352
1005
353
1253
354
1013
355
1168
356
1290
357
1463
358
1380
359
1495
360
1206
361
1131
362
1421
363
1537
364
1133
365
1206
366
1558
367
1325
368
1200
369
1204
370
1596
371
1324
372
1323
373
1317
374
1492
375
1205
376
1332
377
1175
378
1748
379
1255
380
1316
381
2011
382
1342
383
1721
384
1741
385
1776
386
1781
387
1430
388
1526
389
1287
390
1441
391
1212
392
1510
393
1328
394
1401
395
1450
396
1167
397
1434
398
1201
399
1533
400
1226
401
1411
402
1560
403
1542
404
1984
405
1230
406
1655
407
1350
408
1449
409
1340
410
1683
411
1390
412
1676
413
1394
414
1251
415
1307
416
1665
417
1559
418
1665
419
1467
420
1580
421
1364
422
1810
423
2059
424
1390
425
1491
426
1708
427
1282
428
1775
429
1689
430
1540
431
1451
432
1690
433
1428
434
1427
435
1426
436
2140
437
1354
438
1608
439
1901
440
2025
441
1900
442
1487
443
2048
444
1413
445
1772
446
1285
447
1906
448
1489
449
1775
450
1514
451
1716
452
1539
453
2284
454
1899
455
1641
456
2486
457
1739
458
1964
459
1527
460
1575
461
1694
462
1831
463
1782
464
1906
465
2535
466
1619
467
2267
468
1518
469
1634
470
1595
471
1532
472
1515
473
1711
474
1948
475
1480
476
1962
477
1621
478
1429
479
1826
480
1387
481
2377
482
1542
483
1875
484
2014
485
1527
486
1649
487
2647
488
1569
489
1683
490
1655
491
1805
492
1951
493
1793
494
2065
495
2208
496
2146
497
1486
498
1715
499
2017
500
2004
501
1921
502
1649
503
1818
504
2362
505
2341
506
2452
507
2085
508
2482
509
2027
510
1683
511
1925
512
1887
513
2435
514
1981
515
2052
516
1836
517
1777
518
2192
519
2464
520
2285
521
2017
522
1902
523
2026
524
1806
525
1889
526
2044
527
2226
528
1917
529
2244
530
1950
531
1942
532
2323
533
1775
534
1923
535
2207
536
2721
537
1995
538
2852
539
2355
540
1979
541
2499
542
1829
543
2853
544
2148
545
1880
546
3520
547
2006
548
2194
549
2636
550
1899
551
2126
552
2439
553
2119
554
2227
555
2512
556
2968
557
2406
558
1951
559
2200
560
1737
561
2066
562
1918
563
2268
564
1886
565
2148
566
2307
567
1793
568
2172
569
2555
570
2724
571
2923
572
1960
573
2398
574
2799
575
2098
576
2430
577
1898
578
1971
579
2214
580
2018
581
1782
582
2359
583
2646
584
2314
585
2062
586
2802
587
2325
588
2573
589
2049
590
2543
591
2642
592
1976
593
1762
594
2236
595
2531
596
2241
597
2439
598
2033
599
3365
600
2521
601
2145
602
2253
603
2474
604
2428
605
2208
606
2362
607
2109
608
2151
609
2285
610
1993
611
2229
612
2798
613
2080
614
1988
615
1835
616
2013
617
2085
618
2119
619
2645
620
2457
621
2310
622
2018
623
2453
624
2298
625
2835
626
2676
627
2571
628
2719
629
2569
630
2339
631
2022
632
2941
633
2670
634
3549
635
2252
636
1923
637
2086
638
2425
639
2303
640
2586
641
2277
642
3030
643
2886
644
2176
645
2367
646
2567
647
2075
648
2491
649
1928
650
2620
651
3733
652
2659
653
2460
654
2875
655
2940
656
2141
657
2681
658
2809
659
2653
660
3209
661
2188
662
2291
663
2877
664
2918
665
3273
666
2593
667
2501
668
2753
669
2454
670
2201
671
3430
672
3337
673
2396
674
2732
675
2540
676
2698
677
2092
678
2805
679
3079
680
2047
681
2509
682
2893
683
2090
684
2970
685
3037
686
2568
687
3078
688
2098
689
2329
690
2613
691
2360
692
2447
693
2798
694
2785
695
2760
696
2391
697
3322
698
2704
699
2947
700
2518
701
2379
702
2313
703
2347
704
2097
705
2729
706
2328
707
3019
708
2576
709
3088
710
2397
711
2857
712
2475
713
2413
714
3315
715
2690
716
2294
717
2320
718
2849
719
3179
720
3588
721
3099
722
2333
723
2527
724
2366
725
3107
726
2167
727
2601
728
2636
729
1982
730
2977
731
2954
732
2544
733
2981
734
2824
735
2934
736
2280
737
2952
738
2449
739
2714
740
3032
741
2698
742
2727
743
3210
744
2450
745
2958
746
3397
747
3986
748
2549
749
2819
750
3045
751
3532
752
2680
753
3633
754
2636
755
3807
756
2128
757
2895
758
2026
759
2558
760
3180
761
3676
762
2748
763
2420
764
2765
765
3320
766
3289
767
2618
768
3104
769
3592
770
2929
771
2959
772
2914
773
2754
774
2617
775
2982
776
2772
777
2775
778
2971
779
4260
780
2651
781
3486
782
3458
783
3221
784
3639
785
4082
786
3735
787
3348
788
3400
789
3484
790
3735
791
4342
792
2848
793
2948
794
3262
795
3700
796
3336
797
3262
798
2932
799
2865
800
3367
801
3147
802
2850
803
2871
804
2791
805
3290
806
2997
807
3784
808
2685
809
3446
810
3267
811
2412
812
3212
813
3046
814
3639
815
2440
816
3425
817
3189
818
3371
819
3051
820
3352
821
3618
822
2492
823
2800
824
2956
825
3197
826
3695
827
3124
828
3938
829
3093
830
3594
831
4297
832
2519
833
3935
834
3349
835
3403
836
3068
837
2812
838
2909
839
3726
840
3255
841
3885
842
2890
843
2871
844
3780
845
4223
846
3416
847
2727
848
3136
849
3085
850
3365
851
2637
852
3262
853
2821
854
3319
855
3415
856
3404
857
3720
858
3462
859
3287
860
3100
861
3712
862
3002
863
2825
864
3516
865
3309
866
3504
867
3403
868
4123
869
4603
870
3716
871
3121
872
4248
873
3207
874
3532
875
3611
876
3754
877
5298
878
3777
879
3985
880
3275
881
3410
882
3305
883
3366
884
3365
885
4304
886
3996
887
3748
888
3574
889
2859
890
3400
891
3400
892
2908
893
3323
894
4445
895
4008
896
4290
897
3681
898
3140
899
4464
900
3687
901
3141
902
3509
903
3210
904
4805
905
4680
906
3306
907
3074
908
3765
909
3354
910
3870
911
3789
912
3379
913
3105
914
3554
915
3931
916
2968
917
3565
918
4162
919
4425
920
3663
921
2960
922
4076
923
4391
924
3663
925
3823
926
3765
927
2993
928
3557
929
3066
930
4473
931
3570
932
4684
933
3917
934
4713
935
3895
936
4593
937
4055
938
3662
939
3613
940
5203
941
3807
942
4408
943
3623
944
3687
945
4238
946
3598
947
3348
948
3908
949
5128
950
3043
951
2746
952
3848
953
3419
954
4292
955
4319
956
4984
957
4341
958
3730
959
3914
960
3709
961
4134
962
3182
963
3408
964
3609
965
3517
966
5109
967
4542
968
3873
969
3396
970
4024
971
4082
972
3967
973
3495
974
3594
975
4031
976
3232
977
4079
978
3645
979
4699
980
3780
981
4028
982
4083
983
4452
984
3873
985
4254
986
3231
987
3477
988
4213
989
4929
990
3775
991
3867
992
3905
993
3909
994
3724
995
4222
996
3168
997
3902
998
4522
999
4709
